IMG_ID,PIXEL_X,PIXEL_Y,PIXEL_COLOR
300,0,0,0
300,1,0,0
300,2,0,0
300,3,0,0
300,4,0,0
300,5,0,0
300,6,0,0
300,7,0,0
300,8,0,0
300,9,0,0
300,10,0,0
300,11,0,0
300,12,0,0
300,13,0,0
300,14,0,1
300,15,0,0
300,16,0,0
300,17,0,0
300,18,0,0
300,19,0,0
300,20,0,0
300,21,0,0
300,22,0,0
300,23,0,0
300,24,0,0
300,25,0,0
300,26,0,0
300,27,0,0
300,28,0,0
300,29,0,0
300,30,0,0
300,31,0,0
300,32,0,0
300,33,0,0
300,34,0,0
300,35,0,0
300,36,0,0
300,37,0,0
300,38,0,0
300,39,0,0
300,40,0,0
300,41,0,0
300,42,0,0
300,43,0,0
300,44,0,0
300,45,0,0
300,46,0,0
300,47,0,0
300,48,0,0
300,49,0,0
300,50,0,0
300,51,0,0
300,52,0,0
300,53,0,0
300,54,0,0
300,55,0,0
300,56,0,0
300,57,0,0
300,58,0,0
300,59,0,0
300,60,0,0
300,61,0,0
300,62,0,0
300,63,0,0
300,64,0,0
300,65,0,0
300,66,0,0
300,67,0,0
300,68,0,0
300,69,0,0
300,70,0,1
300,71,0,0
300,72,0,0
300,73,0,0
300,74,0,0
300,75,0,0
300,76,0,0
300,77,0,0
300,78,0,0
300,79,0,0
300,80,0,0
300,81,0,0
300,82,0,0
300,83,0,0
300,84,0,0
300,85,0,0
300,86,0,0
300,87,0,0
300,88,0,0
300,89,0,0
300,90,0,0
300,91,0,0
300,92,0,0
300,93,0,0
300,94,0,0
300,95,0,0
300,96,0,0
300,97,0,0
300,98,0,0
300,99,0,0
300,100,0,0
300,101,0,0
300,102,0,0
300,103,0,0
300,104,0,0
300,105,0,0
300,106,0,0
300,107,0,0
300,108,0,0
300,109,0,0
300,110,0,0
300,111,0,0
300,0,1,0
300,1,1,0
300,2,1,0
300,3,1,0
300,4,1,0
300,5,1,0
300,6,1,0
300,7,1,0
300,8,1,0
300,9,1,0
300,10,1,0
300,11,1,0
300,12,1,0
300,13,1,0
300,14,1,0
300,15,1,0
300,16,1,0
300,17,1,0
300,18,1,0
300,19,1,0
300,20,1,0
300,21,1,0
300,22,1,0
300,23,1,0
300,24,1,0
300,25,1,0
300,26,1,0
300,27,1,0
300,28,1,0
300,29,1,0
300,30,1,0
300,31,1,0
300,32,1,0
300,33,1,0
300,34,1,0
300,35,1,0
300,36,1,0
300,37,1,0
300,38,1,0
300,39,1,0
300,40,1,0
300,41,1,0
300,42,1,0
300,43,1,0
300,44,1,0
300,45,1,0
300,46,1,0
300,47,1,1
300,48,1,0
300,49,1,0
300,50,1,0
300,51,1,0
300,52,1,0
300,53,1,0
300,54,1,1
300,55,1,0
300,56,1,0
300,57,1,0
300,58,1,0
300,59,1,0
300,60,1,0
300,61,1,0
300,62,1,0
300,63,1,0
300,64,1,0
300,65,1,0
300,66,1,0
300,67,1,0
300,68,1,0
300,69,1,0
300,70,1,0
300,71,1,0
300,72,1,0
300,73,1,0
300,74,1,0
300,75,1,0
300,76,1,0
300,77,1,0
300,78,1,0
300,79,1,0
300,80,1,0
300,81,1,0
300,82,1,0
300,83,1,0
300,84,1,0
300,85,1,0
300,86,1,0
300,87,1,0
300,88,1,0
300,89,1,0
300,90,1,0
300,91,1,0
300,92,1,0
300,93,1,0
300,94,1,0
300,95,1,0
300,96,1,0
300,97,1,0
300,98,1,0
300,99,1,0
300,100,1,0
300,101,1,0
300,102,1,0
300,103,1,1
300,104,1,0
300,105,1,0
300,106,1,0
300,107,1,0
300,108,1,0
300,109,1,0
300,110,1,0
300,111,1,0
300,0,2,0
300,1,2,0
300,2,2,0
300,3,2,0
300,4,2,1
300,5,2,0
300,6,2,0
300,7,2,0
300,8,2,0
300,9,2,0
300,10,2,0
300,11,2,0
300,12,2,0
300,13,2,0
300,14,2,1
300,15,2,0
300,16,2,1
300,17,2,1
300,18,2,1
300,19,2,1
300,20,2,1
300,21,2,1
300,22,2,1
300,23,2,1
300,24,2,1
300,25,2,1
300,26,2,1
300,27,2,1
300,28,2,1
300,29,2,1
300,30,2,1
300,31,2,1
300,32,2,1
300,33,2,1
300,34,2,1
300,35,2,1
300,36,2,1
300,37,2,1
300,38,2,1
300,39,2,1
300,40,2,0
300,41,2,0
300,42,2,0
300,43,2,0
300,44,2,1
300,45,2,0
300,46,2,0
300,47,2,0
300,48,2,0
300,49,2,0
300,50,2,0
300,51,2,0
300,52,2,0
300,53,2,0
300,54,2,0
300,55,2,0
300,56,2,0
300,57,2,0
300,58,2,0
300,59,2,1
300,60,2,0
300,61,2,0
300,62,2,0
300,63,2,0
300,64,2,0
300,65,2,0
300,66,2,0
300,67,2,0
300,68,2,0
300,69,2,0
300,70,2,1
300,71,2,0
300,72,2,0
300,73,2,0
300,74,2,0
300,75,2,0
300,76,2,0
300,77,2,0
300,78,2,0
300,79,2,0
300,80,2,0
300,81,2,0
300,82,2,0
300,83,2,0
300,84,2,0
300,85,2,0
300,86,2,0
300,87,2,0
300,88,2,0
300,89,2,0
300,90,2,1
300,91,2,0
300,92,2,0
300,93,2,0
300,94,2,0
300,95,2,0
300,96,2,0
300,97,2,0
300,98,2,0
300,99,2,0
300,100,2,0
300,101,2,0
300,102,2,0
300,103,2,0
300,104,2,0
300,105,2,0
300,106,2,0
300,107,2,0
300,108,2,0
300,109,2,0
300,110,2,0
300,111,2,0
300,0,3,0
300,1,3,0
300,2,3,0
300,3,3,0
300,4,3,0
300,5,3,1
300,6,3,0
300,7,3,0
300,8,3,0
300,9,3,0
300,10,3,0
300,11,3,0
300,12,3,0
300,13,3,0
300,14,3,0
300,15,3,0
300,16,3,0
300,17,3,0
300,18,3,0
300,19,3,0
300,20,3,0
300,21,3,0
300,22,3,0
300,23,3,0
300,24,3,0
300,25,3,0
300,26,3,0
300,27,3,0
300,28,3,0
300,29,3,0
300,30,3,0
300,31,3,0
300,32,3,0
300,33,3,1
300,34,3,0
300,35,3,0
300,36,3,0
300,37,3,0
300,38,3,0
300,39,3,0
300,40,3,0
300,41,3,0
300,42,3,0
300,43,3,0
300,44,3,0
300,45,3,0
300,46,3,0
300,47,3,0
300,48,3,0
300,49,3,0
300,50,3,0
300,51,3,0
300,52,3,0
300,53,3,0
300,54,3,0
300,55,3,0
300,56,3,0
300,57,3,1
300,58,3,1
300,59,3,1
300,60,3,0
300,61,3,0
300,62,3,0
300,63,3,0
300,64,3,1
300,65,3,0
300,66,3,0
300,67,3,0
300,68,3,0
300,69,3,0
300,70,3,0
300,71,3,0
300,72,3,1
300,73,3,0
300,74,3,0
300,75,3,1
300,76,3,0
300,77,3,1
300,78,3,0
300,79,3,0
300,80,3,0
300,81,3,0
300,82,3,0
300,83,3,0
300,84,3,0
300,85,3,0
300,86,3,0
300,87,3,0
300,88,3,1
300,89,3,0
300,90,3,0
300,91,3,0
300,92,3,0
300,93,3,0
300,94,3,0
300,95,3,1
300,96,3,0
300,97,3,0
300,98,3,0
300,99,3,0
300,100,3,0
300,101,3,0
300,102,3,0
300,103,3,0
300,104,3,0
300,105,3,0
300,106,3,0
300,107,3,0
300,108,3,0
300,109,3,0
300,110,3,0
300,111,3,0
300,0,4,0
300,1,4,0
300,2,4,0
300,3,4,1
300,4,4,0
300,5,4,0
300,6,4,0
300,7,4,0
300,8,4,0
300,9,4,0
300,10,4,0
300,11,4,0
300,12,4,0
300,13,4,0
300,14,4,1
300,15,4,0
300,16,4,0
300,17,4,0
300,18,4,0
300,19,4,0
300,20,4,0
300,21,4,0
300,22,4,0
300,23,4,0
300,24,4,0
300,25,4,0
300,26,4,0
300,27,4,0
300,28,4,0
300,29,4,0
300,30,4,0
300,31,4,0
300,32,4,0
300,33,4,0
300,34,4,0
300,35,4,0
300,36,4,0
300,37,4,0
300,38,4,0
300,39,4,0
300,40,4,0
300,41,4,0
300,42,4,0
300,43,4,0
300,44,4,0
300,45,4,0
300,46,4,0
300,47,4,0
300,48,4,0
300,49,4,0
300,50,4,0
300,51,4,0
300,52,4,0
300,53,4,0
300,54,4,0
300,55,4,0
300,56,4,0
300,57,4,0
300,58,4,1
300,59,4,0
300,60,4,1
300,61,4,0
300,62,4,0
300,63,4,0
300,64,4,0
300,65,4,0
300,66,4,0
300,67,4,0
300,68,4,0
300,69,4,0
300,70,4,0
300,71,4,0
300,72,4,0
300,73,4,0
300,74,4,0
300,75,4,0
300,76,4,1
300,77,4,0
300,78,4,0
300,79,4,0
300,80,4,0
300,81,4,0
300,82,4,0
300,83,4,0
300,84,4,0
300,85,4,0
300,86,4,0
300,87,4,0
300,88,4,0
300,89,4,0
300,90,4,0
300,91,4,0
300,92,4,1
300,93,4,0
300,94,4,0
300,95,4,0
300,96,4,0
300,97,4,0
300,98,4,0
300,99,4,0
300,100,4,0
300,101,4,0
300,102,4,0
300,103,4,0
300,104,4,0
300,105,4,1
300,106,4,0
300,107,4,0
300,108,4,0
300,109,4,0
300,110,4,0
300,111,4,0
300,0,5,0
300,1,5,0
300,2,5,0
300,3,5,0
300,4,5,0
300,5,5,0
300,6,5,0
300,7,5,0
300,8,5,0
300,9,5,0
300,10,5,0
300,11,5,0
300,12,5,0
300,13,5,0
300,14,5,0
300,15,5,0
300,16,5,0
300,17,5,0
300,18,5,1
300,19,5,0
300,20,5,0
300,21,5,0
300,22,5,0
300,23,5,0
300,24,5,0
300,25,5,0
300,26,5,0
300,27,5,0
300,28,5,0
300,29,5,0
300,30,5,0
300,31,5,0
300,32,5,0
300,33,5,0
300,34,5,0
300,35,5,0
300,36,5,0
300,37,5,0
300,38,5,0
300,39,5,0
300,40,5,0
300,41,5,0
300,42,5,0
300,43,5,0
300,44,5,0
300,45,5,0
300,46,5,1
300,47,5,0
300,48,5,0
300,49,5,0
300,50,5,0
300,51,5,0
300,52,5,0
300,53,5,0
300,54,5,0
300,55,5,0
300,56,5,0
300,57,5,0
300,58,5,0
300,59,5,0
300,60,5,0
300,61,5,0
300,62,5,0
300,63,5,0
300,64,5,0
300,65,5,0
300,66,5,0
300,67,5,0
300,68,5,0
300,69,5,0
300,70,5,0
300,71,5,0
300,72,5,0
300,73,5,0
300,74,5,0
300,75,5,1
300,76,5,0
300,77,5,0
300,78,5,0
300,79,5,0
300,80,5,0
300,81,5,0
300,82,5,0
300,83,5,0
300,84,5,0
300,85,5,0
300,86,5,0
300,87,5,0
300,88,5,0
300,89,5,0
300,90,5,0
300,91,5,0
300,92,5,0
300,93,5,1
300,94,5,0
300,95,5,0
300,96,5,0
300,97,5,0
300,98,5,0
300,99,5,0
300,100,5,0
300,101,5,0
300,102,5,0
300,103,5,0
300,104,5,0
300,105,5,0
300,106,5,0
300,107,5,0
300,108,5,0
300,109,5,0
300,110,5,0
300,111,5,0
300,0,6,0
300,1,6,0
300,2,6,0
300,3,6,0
300,4,6,0
300,5,6,0
300,6,6,0
300,7,6,0
300,8,6,0
300,9,6,0
300,10,6,0
300,11,6,0
300,12,6,0
300,13,6,0
300,14,6,0
300,15,6,0
300,16,6,0
300,17,6,0
300,18,6,0
300,19,6,0
300,20,6,0
300,21,6,0
300,22,6,1
300,23,6,0
300,24,6,0
300,25,6,0
300,26,6,0
300,27,6,0
300,28,6,0
300,29,6,0
300,30,6,0
300,31,6,1
300,32,6,1
300,33,6,0
300,34,6,0
300,35,6,0
300,36,6,1
300,37,6,0
300,38,6,0
300,39,6,0
300,40,6,0
300,41,6,0
300,42,6,0
300,43,6,0
300,44,6,0
300,45,6,0
300,46,6,0
300,47,6,0
300,48,6,0
300,49,6,0
300,50,6,0
300,51,6,0
300,52,6,0
300,53,6,0
300,54,6,0
300,55,6,0
300,56,6,1
300,57,6,0
300,58,6,0
300,59,6,0
300,60,6,0
300,61,6,0
300,62,6,0
300,63,6,0
300,64,6,0
300,65,6,0
300,66,6,0
300,67,6,0
300,68,6,0
300,69,6,0
300,70,6,0
300,71,6,0
300,72,6,0
300,73,6,0
300,74,6,0
300,75,6,0
300,76,6,1
300,77,6,1
300,78,6,0
300,79,6,0
300,80,6,0
300,81,6,0
300,82,6,0
300,83,6,0
300,84,6,0
300,85,6,0
300,86,6,0
300,87,6,0
300,88,6,0
300,89,6,0
300,90,6,0
300,91,6,0
300,92,6,0
300,93,6,0
300,94,6,0
300,95,6,0
300,96,6,0
300,97,6,0
300,98,6,0
300,99,6,0
300,100,6,0
300,101,6,0
300,102,6,0
300,103,6,0
300,104,6,0
300,105,6,0
300,106,6,0
300,107,6,0
300,108,6,0
300,109,6,0
300,110,6,0
300,111,6,0
300,0,7,0
300,1,7,0
300,2,7,0
300,3,7,0
300,4,7,0
300,5,7,0
300,6,7,0
300,7,7,0
300,8,7,0
300,9,7,0
300,10,7,0
300,11,7,0
300,12,7,1
300,13,7,0
300,14,7,0
300,15,7,0
300,16,7,0
300,17,7,1
300,18,7,0
300,19,7,0
300,20,7,0
300,21,7,0
300,22,7,0
300,23,7,0
300,24,7,0
300,25,7,0
300,26,7,0
300,27,7,0
300,28,7,0
300,29,7,0
300,30,7,0
300,31,7,0
300,32,7,0
300,33,7,0
300,34,7,0
300,35,7,0
300,36,7,0
300,37,7,0
300,38,7,0
300,39,7,0
300,40,7,0
300,41,7,0
300,42,7,0
300,43,7,0
300,44,7,0
300,45,7,0
300,46,7,0
300,47,7,0
300,48,7,0
300,49,7,0
300,50,7,0
300,51,7,0
300,52,7,1
300,53,7,0
300,54,7,1
300,55,7,1
300,56,7,1
300,57,7,0
300,58,7,0
300,59,7,0
300,60,7,0
300,61,7,0
300,62,7,0
300,63,7,0
300,64,7,0
300,65,7,0
300,66,7,0
300,67,7,0
300,68,7,0
300,69,7,0
300,70,7,0
300,71,7,0
300,72,7,0
300,73,7,0
300,74,7,0
300,75,7,0
300,76,7,1
300,77,7,0
300,78,7,0
300,79,7,0
300,80,7,0
300,81,7,0
300,82,7,0
300,83,7,0
300,84,7,0
300,85,7,0
300,86,7,0
300,87,7,1
300,88,7,0
300,89,7,0
300,90,7,0
300,91,7,0
300,92,7,0
300,93,7,0
300,94,7,0
300,95,7,0
300,96,7,0
300,97,7,0
300,98,7,0
300,99,7,0
300,100,7,0
300,101,7,0
300,102,7,0
300,103,7,0
300,104,7,0
300,105,7,0
300,106,7,0
300,107,7,0
300,108,7,0
300,109,7,0
300,110,7,0
300,111,7,0
300,0,8,0
300,1,8,0
300,2,8,0
300,3,8,0
300,4,8,0
300,5,8,0
300,6,8,0
300,7,8,0
300,8,8,0
300,9,8,0
300,10,8,0
300,11,8,0
300,12,8,0
300,13,8,0
300,14,8,0
300,15,8,0
300,16,8,0
300,17,8,0
300,18,8,0
300,19,8,0
300,20,8,0
300,21,8,0
300,22,8,0
300,23,8,0
300,24,8,0
300,25,8,0
300,26,8,0
300,27,8,0
300,28,8,0
300,29,8,0
300,30,8,0
300,31,8,0
300,32,8,0
300,33,8,0
300,34,8,0
300,35,8,0
300,36,8,0
300,37,8,0
300,38,8,0
300,39,8,0
300,40,8,0
300,41,8,0
300,42,8,0
300,43,8,0
300,44,8,0
300,45,8,0
300,46,8,0
300,47,8,0
300,48,8,0
300,49,8,0
300,50,8,0
300,51,8,1
300,52,8,0
300,53,8,0
300,54,8,1
300,55,8,0
300,56,8,0
300,57,8,0
300,58,8,0
300,59,8,0
300,60,8,0
300,61,8,0
300,62,8,0
300,63,8,0
300,64,8,0
300,65,8,0
300,66,8,0
300,67,8,0
300,68,8,0
300,69,8,0
300,70,8,0
300,71,8,0
300,72,8,0
300,73,8,0
300,74,8,0
300,75,8,0
300,76,8,0
300,77,8,0
300,78,8,0
300,79,8,0
300,80,8,0
300,81,8,0
300,82,8,0
300,83,8,0
300,84,8,0
300,85,8,0
300,86,8,0
300,87,8,0
300,88,8,0
300,89,8,0
300,90,8,0
300,91,8,0
300,92,8,0
300,93,8,0
300,94,8,0
300,95,8,1
300,96,8,0
300,97,8,0
300,98,8,0
300,99,8,0
300,100,8,0
300,101,8,0
300,102,8,0
300,103,8,0
300,104,8,0
300,105,8,0
300,106,8,0
300,107,8,0
300,108,8,0
300,109,8,0
300,110,8,0
300,111,8,0
300,0,9,0
300,1,9,0
300,2,9,0
300,3,9,0
300,4,9,0
300,5,9,0
300,6,9,0
300,7,9,0
300,8,9,0
300,9,9,0
300,10,9,0
300,11,9,0
300,12,9,0
300,13,9,0
300,14,9,0
300,15,9,0
300,16,9,0
300,17,9,0
300,18,9,0
300,19,9,0
300,20,9,0
300,21,9,0
300,22,9,0
300,23,9,0
300,24,9,0
300,25,9,0
300,26,9,0
300,27,9,0
300,28,9,0
300,29,9,0
300,30,9,0
300,31,9,0
300,32,9,0
300,33,9,0
300,34,9,0
300,35,9,0
300,36,9,0
300,37,9,0
300,38,9,0
300,39,9,1
300,40,9,0
300,41,9,0
300,42,9,0
300,43,9,0
300,44,9,1
300,45,9,0
300,46,9,1
300,47,9,0
300,48,9,0
300,49,9,0
300,50,9,0
300,51,9,0
300,52,9,0
300,53,9,1
300,54,9,0
300,55,9,0
300,56,9,0
300,57,9,0
300,58,9,0
300,59,9,0
300,60,9,1
300,61,9,0
300,62,9,0
300,63,9,0
300,64,9,0
300,65,9,0
300,66,9,0
300,67,9,0
300,68,9,1
300,69,9,1
300,70,9,0
300,71,9,0
300,72,9,0
300,73,9,0
300,74,9,0
300,75,9,0
300,76,9,0
300,77,9,0
300,78,9,0
300,79,9,0
300,80,9,0
300,81,9,0
300,82,9,0
300,83,9,0
300,84,9,0
300,85,9,0
300,86,9,0
300,87,9,0
300,88,9,0
300,89,9,0
300,90,9,0
300,91,9,0
300,92,9,0
300,93,9,0
300,94,9,0
300,95,9,0
300,96,9,0
300,97,9,0
300,98,9,0
300,99,9,0
300,100,9,0
300,101,9,0
300,102,9,0
300,103,9,0
300,104,9,0
300,105,9,0
300,106,9,0
300,107,9,0
300,108,9,0
300,109,9,0
300,110,9,0
300,111,9,0
300,0,10,0
300,1,10,0
300,2,10,0
300,3,10,0
300,4,10,0
300,5,10,0
300,6,10,0
300,7,10,0
300,8,10,0
300,9,10,1
300,10,10,1
300,11,10,0
300,12,10,0
300,13,10,0
300,14,10,0
300,15,10,0
300,16,10,0
300,17,10,0
300,18,10,0
300,19,10,0
300,20,10,0
300,21,10,0
300,22,10,0
300,23,10,0
300,24,10,0
300,25,10,0
300,26,10,0
300,27,10,0
300,28,10,0
300,29,10,0
300,30,10,0
300,31,10,0
300,32,10,0
300,33,10,1
300,34,10,0
300,35,10,0
300,36,10,0
300,37,10,0
300,38,10,0
300,39,10,0
300,40,10,0
300,41,10,0
300,42,10,0
300,43,10,0
300,44,10,0
300,45,10,0
300,46,10,0
300,47,10,0
300,48,10,0
300,49,10,0
300,50,10,0
300,51,10,0
300,52,10,1
300,53,10,0
300,54,10,0
300,55,10,0
300,56,10,0
300,57,10,0
300,58,10,0
300,59,10,1
300,60,10,0
300,61,10,0
300,62,10,0
300,63,10,0
300,64,10,0
300,65,10,0
300,66,10,0
300,67,10,0
300,68,10,0
300,69,10,0
300,70,10,1
300,71,10,0
300,72,10,0
300,73,10,0
300,74,10,0
300,75,10,1
300,76,10,0
300,77,10,0
300,78,10,0
300,79,10,0
300,80,10,0
300,81,10,0
300,82,10,0
300,83,10,0
300,84,10,0
300,85,10,0
300,86,10,0
300,87,10,0
300,88,10,0
300,89,10,0
300,90,10,0
300,91,10,0
300,92,10,0
300,93,10,0
300,94,10,0
300,95,10,0
300,96,10,0
300,97,10,0
300,98,10,0
300,99,10,0
300,100,10,1
300,101,10,0
300,102,10,0
300,103,10,0
300,104,10,0
300,105,10,0
300,106,10,0
300,107,10,0
300,108,10,0
300,109,10,0
300,110,10,0
300,111,10,1
300,0,11,0
300,1,11,0
300,2,11,0
300,3,11,0
300,4,11,0
300,5,11,0
300,6,11,0
300,7,11,0
300,8,11,0
300,9,11,0
300,10,11,0
300,11,11,0
300,12,11,0
300,13,11,0
300,14,11,0
300,15,11,0
300,16,11,0
300,17,11,0
300,18,11,0
300,19,11,0
300,20,11,0
300,21,11,0
300,22,11,0
300,23,11,0
300,24,11,0
300,25,11,0
300,26,11,0
300,27,11,0
300,28,11,0
300,29,11,0
300,30,11,0
300,31,11,0
300,32,11,0
300,33,11,1
300,34,11,0
300,35,11,0
300,36,11,0
300,37,11,0
300,38,11,0
300,39,11,0
300,40,11,0
300,41,11,0
300,42,11,0
300,43,11,0
300,44,11,0
300,45,11,0
300,46,11,0
300,47,11,0
300,48,11,0
300,49,11,0
300,50,11,0
300,51,11,1
300,52,11,0
300,53,11,0
300,54,11,0
300,55,11,0
300,56,11,0
300,57,11,0
300,58,11,0
300,59,11,0
300,60,11,0
300,61,11,0
300,62,11,0
300,63,11,0
300,64,11,0
300,65,11,0
300,66,11,0
300,67,11,0
300,68,11,0
300,69,11,0
300,70,11,0
300,71,11,0
300,72,11,0
300,73,11,0
300,74,11,0
300,75,11,0
300,76,11,0
300,77,11,0
300,78,11,0
300,79,11,0
300,80,11,0
300,81,11,0
300,82,11,0
300,83,11,0
300,84,11,0
300,85,11,0
300,86,11,0
300,87,11,0
300,88,11,0
300,89,11,1
300,90,11,0
300,91,11,0
300,92,11,0
300,93,11,0
300,94,11,0
300,95,11,0
300,96,11,0
300,97,11,0
300,98,11,0
300,99,11,0
300,100,11,0
300,101,11,0
300,102,11,0
300,103,11,0
300,104,11,0
300,105,11,0
300,106,11,0
300,107,11,0
300,108,11,0
300,109,11,0
300,110,11,0
300,111,11,0
300,0,12,1
300,1,12,0
300,2,12,0
300,3,12,0
300,4,12,0
300,5,12,0
300,6,12,0
300,7,12,0
300,8,12,0
300,9,12,0
300,10,12,0
300,11,12,0
300,12,12,1
300,13,12,0
300,14,12,0
300,15,12,0
300,16,12,0
300,17,12,0
300,18,12,0
300,19,12,0
300,20,12,0
300,21,12,0
300,22,12,1
300,23,12,0
300,24,12,0
300,25,12,0
300,26,12,0
300,27,12,0
300,28,12,0
300,29,12,0
300,30,12,0
300,31,12,1
300,32,12,0
300,33,12,1
300,34,12,0
300,35,12,0
300,36,12,0
300,37,12,0
300,38,12,0
300,39,12,0
300,40,12,0
300,41,12,0
300,42,12,0
300,43,12,0
300,44,12,0
300,45,12,0
300,46,12,0
300,47,12,0
300,48,12,0
300,49,12,0
300,50,12,1
300,51,12,0
300,52,12,0
300,53,12,0
300,54,12,0
300,55,12,0
300,56,12,0
300,57,12,0
300,58,12,0
300,59,12,0
300,60,12,0
300,61,12,0
300,62,12,0
300,63,12,0
300,64,12,0
300,65,12,0
300,66,12,0
300,67,12,0
300,68,12,0
300,69,12,0
300,70,12,0
300,71,12,0
300,72,12,0
300,73,12,0
300,74,12,0
300,75,12,0
300,76,12,0
300,77,12,0
300,78,12,0
300,79,12,0
300,80,12,0
300,81,12,0
300,82,12,0
300,83,12,0
300,84,12,0
300,85,12,0
300,86,12,0
300,87,12,0
300,88,12,0
300,89,12,0
300,90,12,0
300,91,12,0
300,92,12,0
300,93,12,0
300,94,12,0
300,95,12,0
300,96,12,0
300,97,12,0
300,98,12,0
300,99,12,0
300,100,12,0
300,101,12,0
300,102,12,0
300,103,12,0
300,104,12,0
300,105,12,0
300,106,12,1
300,107,12,0
300,108,12,0
300,109,12,0
300,110,12,1
300,111,12,0
300,0,13,0
300,1,13,0
300,2,13,0
300,3,13,0
300,4,13,0
300,5,13,0
300,6,13,0
300,7,13,0
300,8,13,1
300,9,13,0
300,10,13,0
300,11,13,0
300,12,13,0
300,13,13,0
300,14,13,1
300,15,13,0
300,16,13,0
300,17,13,0
300,18,13,0
300,19,13,0
300,20,13,0
300,21,13,0
300,22,13,0
300,23,13,0
300,24,13,0
300,25,13,0
300,26,13,0
300,27,13,0
300,28,13,0
300,29,13,0
300,30,13,0
300,31,13,0
300,32,13,0
300,33,13,0
300,34,13,0
300,35,13,0
300,36,13,0
300,37,13,0
300,38,13,0
300,39,13,0
300,40,13,0
300,41,13,0
300,42,13,1
300,43,13,0
300,44,13,0
300,45,13,0
300,46,13,0
300,47,13,0
300,48,13,0
300,49,13,1
300,50,13,0
300,51,13,0
300,52,13,0
300,53,13,0
300,54,13,0
300,55,13,0
300,56,13,0
300,57,13,1
300,58,13,0
300,59,13,0
300,60,13,0
300,61,13,0
300,62,13,0
300,63,13,0
300,64,13,0
300,65,13,1
300,66,13,0
300,67,13,0
300,68,13,0
300,69,13,0
300,70,13,0
300,71,13,0
300,72,13,0
300,73,13,0
300,74,13,0
300,75,13,0
300,76,13,0
300,77,13,0
300,78,13,0
300,79,13,0
300,80,13,0
300,81,13,0
300,82,13,0
300,83,13,0
300,84,13,0
300,85,13,0
300,86,13,0
300,87,13,0
300,88,13,1
300,89,13,0
300,90,13,0
300,91,13,0
300,92,13,0
300,93,13,0
300,94,13,0
300,95,13,0
300,96,13,0
300,97,13,0
300,98,13,0
300,99,13,0
300,100,13,0
300,101,13,0
300,102,13,0
300,103,13,0
300,104,13,0
300,105,13,0
300,106,13,0
300,107,13,1
300,108,13,0
300,109,13,0
300,110,13,0
300,111,13,0
300,0,14,0
300,1,14,0
300,2,14,0
300,3,14,0
300,4,14,0
300,5,14,0
300,6,14,0
300,7,14,0
300,8,14,0
300,9,14,0
300,10,14,0
300,11,14,0
300,12,14,0
300,13,14,0
300,14,14,0
300,15,14,0
300,16,14,0
300,17,14,0
300,18,14,0
300,19,14,0
300,20,14,0
300,21,14,0
300,22,14,0
300,23,14,0
300,24,14,0
300,25,14,1
300,26,14,0
300,27,14,0
300,28,14,0
300,29,14,0
300,30,14,0
300,31,14,0
300,32,14,0
300,33,14,0
300,34,14,0
300,35,14,0
300,36,14,0
300,37,14,0
300,38,14,0
300,39,14,0
300,40,14,0
300,41,14,0
300,42,14,0
300,43,14,0
300,44,14,0
300,45,14,0
300,46,14,0
300,47,14,0
300,48,14,1
300,49,14,0
300,50,14,0
300,51,14,1
300,52,14,0
300,53,14,0
300,54,14,0
300,55,14,0
300,56,14,0
300,57,14,0
300,58,14,0
300,59,14,0
300,60,14,0
300,61,14,0
300,62,14,0
300,63,14,0
300,64,14,0
300,65,14,0
300,66,14,0
300,67,14,0
300,68,14,0
300,69,14,0
300,70,14,0
300,71,14,0
300,72,14,0
300,73,14,0
300,74,14,0
300,75,14,0
300,76,14,0
300,77,14,0
300,78,14,0
300,79,14,0
300,80,14,0
300,81,14,0
300,82,14,0
300,83,14,0
300,84,14,0
300,85,14,0
300,86,14,0
300,87,14,0
300,88,14,0
300,89,14,0
300,90,14,0
300,91,14,0
300,92,14,0
300,93,14,0
300,94,14,0
300,95,14,0
300,96,14,0
300,97,14,0
300,98,14,0
300,99,14,0
300,100,14,0
300,101,14,0
300,102,14,0
300,103,14,1
300,104,14,0
300,105,14,1
300,106,14,0
300,107,14,0
300,108,14,0
300,109,14,0
300,110,14,0
300,111,14,0
300,0,15,0
300,1,15,0
300,2,15,0
300,3,15,0
300,4,15,0
300,5,15,0
300,6,15,0
300,7,15,0
300,8,15,0
300,9,15,0
300,10,15,0
300,11,15,0
300,12,15,0
300,13,15,0
300,14,15,0
300,15,15,0
300,16,15,1
300,17,15,0
300,18,15,0
300,19,15,0
300,20,15,0
300,21,15,0
300,22,15,0
300,23,15,0
300,24,15,0
300,25,15,0
300,26,15,0
300,27,15,0
300,28,15,0
300,29,15,0
300,30,15,0
300,31,15,0
300,32,15,0
300,33,15,0
300,34,15,0
300,35,15,0
300,36,15,0
300,37,15,0
300,38,15,0
300,39,15,0
300,40,15,0
300,41,15,0
300,42,15,0
300,43,15,0
300,44,15,0
300,45,15,0
300,46,15,0
300,47,15,1
300,48,15,0
300,49,15,0
300,50,15,0
300,51,15,0
300,52,15,0
300,53,15,0
300,54,15,0
300,55,15,1
300,56,15,0
300,57,15,0
300,58,15,0
300,59,15,0
300,60,15,0
300,61,15,0
300,62,15,0
300,63,15,0
300,64,15,0
300,65,15,0
300,66,15,0
300,67,15,0
300,68,15,0
300,69,15,0
300,70,15,0
300,71,15,0
300,72,15,0
300,73,15,0
300,74,15,0
300,75,15,0
300,76,15,0
300,77,15,0
300,78,15,0
300,79,15,0
300,80,15,0
300,81,15,0
300,82,15,0
300,83,15,0
300,84,15,0
300,85,15,0
300,86,15,0
300,87,15,0
300,88,15,0
300,89,15,0
300,90,15,0
300,91,15,0
300,92,15,0
300,93,15,0
300,94,15,0
300,95,15,0
300,96,15,1
300,97,15,0
300,98,15,0
300,99,15,1
300,100,15,0
300,101,15,0
300,102,15,0
300,103,15,0
300,104,15,0
300,105,15,0
300,106,15,0
300,107,15,0
300,108,15,1
300,109,15,0
300,110,15,0
300,111,15,0
300,0,16,0
300,1,16,0
300,2,16,0
300,3,16,0
300,4,16,0
300,5,16,0
300,6,16,0
300,7,16,0
300,8,16,0
300,9,16,0
300,10,16,0
300,11,16,1
300,12,16,0
300,13,16,0
300,14,16,0
300,15,16,0
300,16,16,0
300,17,16,0
300,18,16,0
300,19,16,0
300,20,16,0
300,21,16,0
300,22,16,0
300,23,16,0
300,24,16,0
300,25,16,0
300,26,16,0
300,27,16,0
300,28,16,1
300,29,16,0
300,30,16,0
300,31,16,0
300,32,16,0
300,33,16,0
300,34,16,0
300,35,16,0
300,36,16,1
300,37,16,0
300,38,16,0
300,39,16,0
300,40,16,0
300,41,16,0
300,42,16,0
300,43,16,1
300,44,16,0
300,45,16,0
300,46,16,1
300,47,16,0
300,48,16,0
300,49,16,0
300,50,16,0
300,51,16,0
300,52,16,0
300,53,16,0
300,54,16,0
300,55,16,0
300,56,16,0
300,57,16,0
300,58,16,0
300,59,16,0
300,60,16,0
300,61,16,0
300,62,16,0
300,63,16,0
300,64,16,0
300,65,16,0
300,66,16,0
300,67,16,0
300,68,16,0
300,69,16,0
300,70,16,1
300,71,16,0
300,72,16,0
300,73,16,0
300,74,16,0
300,75,16,0
300,76,16,0
300,77,16,0
300,78,16,0
300,79,16,0
300,80,16,0
300,81,16,0
300,82,16,0
300,83,16,0
300,84,16,0
300,85,16,0
300,86,16,1
300,87,16,0
300,88,16,0
300,89,16,0
300,90,16,0
300,91,16,0
300,92,16,0
300,93,16,0
300,94,16,1
300,95,16,0
300,96,16,0
300,97,16,0
300,98,16,0
300,99,16,0
300,100,16,0
300,101,16,0
300,102,16,0
300,103,16,0
300,104,16,0
300,105,16,0
300,106,16,0
300,107,16,0
300,108,16,0
300,109,16,0
300,110,16,0
300,111,16,0
300,0,17,0
300,1,17,0
300,2,17,0
300,3,17,0
300,4,17,0
300,5,17,0
300,6,17,0
300,7,17,0
300,8,17,0
300,9,17,0
300,10,17,0
300,11,17,0
300,12,17,0
300,13,17,0
300,14,17,0
300,15,17,0
300,16,17,1
300,17,17,1
300,18,17,1
300,19,17,1
300,20,17,1
300,21,17,1
300,22,17,1
300,23,17,1
300,24,17,1
300,25,17,1
300,26,17,1
300,27,17,1
300,28,17,1
300,29,17,1
300,30,17,1
300,31,17,1
300,32,17,1
300,33,17,1
300,34,17,1
300,35,17,1
300,36,17,1
300,37,17,1
300,38,17,1
300,39,17,1
300,40,17,1
300,41,17,1
300,42,17,1
300,43,17,1
300,44,17,1
300,45,17,1
300,46,17,0
300,47,17,0
300,48,17,0
300,49,17,0
300,50,17,0
300,51,17,0
300,52,17,0
300,53,17,0
300,54,17,0
300,55,17,0
300,56,17,1
300,57,17,0
300,58,17,0
300,59,17,0
300,60,17,1
300,61,17,0
300,62,17,1
300,63,17,1
300,64,17,0
300,65,17,0
300,66,17,0
300,67,17,0
300,68,17,0
300,69,17,0
300,70,17,0
300,71,17,1
300,72,17,0
300,73,17,1
300,74,17,0
300,75,17,0
300,76,17,0
300,77,17,0
300,78,17,0
300,79,17,0
300,80,17,0
300,81,17,0
300,82,17,0
300,83,17,0
300,84,17,0
300,85,17,0
300,86,17,0
300,87,17,0
300,88,17,0
300,89,17,0
300,90,17,0
300,91,17,0
300,92,17,0
300,93,17,0
300,94,17,0
300,95,17,0
300,96,17,0
300,97,17,0
300,98,17,0
300,99,17,0
300,100,17,0
300,101,17,0
300,102,17,0
300,103,17,0
300,104,17,0
300,105,17,0
300,106,17,0
300,107,17,0
300,108,17,0
300,109,17,0
300,110,17,0
300,111,17,0
300,0,18,0
300,1,18,0
300,2,18,0
300,3,18,0
300,4,18,0
300,5,18,0
300,6,18,0
300,7,18,0
300,8,18,0
300,9,18,0
300,10,18,0
300,11,18,0
300,12,18,0
300,13,18,0
300,14,18,0
300,15,18,1
300,16,18,0
300,17,18,0
300,18,18,0
300,19,18,0
300,20,18,0
300,21,18,0
300,22,18,0
300,23,18,0
300,24,18,0
300,25,18,0
300,26,18,0
300,27,18,0
300,28,18,0
300,29,18,0
300,30,18,0
300,31,18,0
300,32,18,0
300,33,18,0
300,34,18,0
300,35,18,0
300,36,18,0
300,37,18,0
300,38,18,0
300,39,18,0
300,40,18,0
300,41,18,0
300,42,18,0
300,43,18,0
300,44,18,1
300,45,18,0
300,46,18,1
300,47,18,0
300,48,18,0
300,49,18,0
300,50,18,0
300,51,18,0
300,52,18,0
300,53,18,0
300,54,18,0
300,55,18,0
300,56,18,0
300,57,18,0
300,58,18,0
300,59,18,0
300,60,18,0
300,61,18,0
300,62,18,0
300,63,18,0
300,64,18,0
300,65,18,0
300,66,18,0
300,67,18,0
300,68,18,0
300,69,18,0
300,70,18,0
300,71,18,0
300,72,18,0
300,73,18,0
300,74,18,0
300,75,18,0
300,76,18,0
300,77,18,0
300,78,18,0
300,79,18,0
300,80,18,0
300,81,18,0
300,82,18,0
300,83,18,0
300,84,18,0
300,85,18,0
300,86,18,0
300,87,18,0
300,88,18,0
300,89,18,0
300,90,18,0
300,91,18,0
300,92,18,0
300,93,18,0
300,94,18,0
300,95,18,0
300,96,18,0
300,97,18,0
300,98,18,0
300,99,18,0
300,100,18,0
300,101,18,0
300,102,18,0
300,103,18,0
300,104,18,0
300,105,18,1
300,106,18,1
300,107,18,1
300,108,18,1
300,109,18,0
300,110,18,0
300,111,18,0
300,0,19,0
300,1,19,0
300,2,19,0
300,3,19,1
300,4,19,0
300,5,19,0
300,6,19,0
300,7,19,0
300,8,19,0
300,9,19,0
300,10,19,0
300,11,19,0
300,12,19,0
300,13,19,0
300,14,19,1
300,15,19,0
300,16,19,0
300,17,19,0
300,18,19,0
300,19,19,0
300,20,19,0
300,21,19,0
300,22,19,0
300,23,19,0
300,24,19,0
300,25,19,0
300,26,19,1
300,27,19,0
300,28,19,0
300,29,19,0
300,30,19,0
300,31,19,0
300,32,19,0
300,33,19,0
300,34,19,0
300,35,19,0
300,36,19,0
300,37,19,0
300,38,19,0
300,39,19,0
300,40,19,0
300,41,19,0
300,42,19,0
300,43,19,1
300,44,19,0
300,45,19,0
300,46,19,0
300,47,19,1
300,48,19,0
300,49,19,0
300,50,19,0
300,51,19,0
300,52,19,0
300,53,19,0
300,54,19,0
300,55,19,0
300,56,19,0
300,57,19,0
300,58,19,0
300,59,19,0
300,60,19,0
300,61,19,0
300,62,19,0
300,63,19,0
300,64,19,0
300,65,19,0
300,66,19,0
300,67,19,0
300,68,19,0
300,69,19,0
300,70,19,0
300,71,19,0
300,72,19,0
300,73,19,0
300,74,19,0
300,75,19,0
300,76,19,0
300,77,19,0
300,78,19,0
300,79,19,0
300,80,19,0
300,81,19,0
300,82,19,0
300,83,19,0
300,84,19,0
300,85,19,0
300,86,19,0
300,87,19,0
300,88,19,0
300,89,19,0
300,90,19,0
300,91,19,0
300,92,19,0
300,93,19,0
300,94,19,0
300,95,19,0
300,96,19,0
300,97,19,0
300,98,19,0
300,99,19,0
300,100,19,0
300,101,19,0
300,102,19,0
300,103,19,0
300,104,19,0
300,105,19,0
300,106,19,0
300,107,19,0
300,108,19,0
300,109,19,0
300,110,19,0
300,111,19,0
300,0,20,0
300,1,20,0
300,2,20,0
300,3,20,0
300,4,20,0
300,5,20,0
300,6,20,0
300,7,20,1
300,8,20,0
300,9,20,0
300,10,20,0
300,11,20,0
300,12,20,0
300,13,20,1
300,14,20,0
300,15,20,0
300,16,20,0
300,17,20,0
300,18,20,0
300,19,20,0
300,20,20,0
300,21,20,0
300,22,20,0
300,23,20,0
300,24,20,0
300,25,20,0
300,26,20,0
300,27,20,0
300,28,20,0
300,29,20,0
300,30,20,0
300,31,20,0
300,32,20,0
300,33,20,0
300,34,20,0
300,35,20,0
300,36,20,0
300,37,20,0
300,38,20,0
300,39,20,0
300,40,20,0
300,41,20,0
300,42,20,1
300,43,20,0
300,44,20,0
300,45,20,0
300,46,20,0
300,47,20,0
300,48,20,1
300,49,20,0
300,50,20,0
300,51,20,0
300,52,20,0
300,53,20,0
300,54,20,0
300,55,20,0
300,56,20,0
300,57,20,0
300,58,20,0
300,59,20,0
300,60,20,0
300,61,20,0
300,62,20,0
300,63,20,0
300,64,20,0
300,65,20,0
300,66,20,0
300,67,20,0
300,68,20,0
300,69,20,0
300,70,20,1
300,71,20,0
300,72,20,0
300,73,20,0
300,74,20,0
300,75,20,0
300,76,20,0
300,77,20,0
300,78,20,0
300,79,20,0
300,80,20,0
300,81,20,0
300,82,20,0
300,83,20,0
300,84,20,0
300,85,20,0
300,86,20,0
300,87,20,0
300,88,20,0
300,89,20,0
300,90,20,0
300,91,20,0
300,92,20,0
300,93,20,0
300,94,20,0
300,95,20,0
300,96,20,0
300,97,20,0
300,98,20,0
300,99,20,0
300,100,20,0
300,101,20,0
300,102,20,0
300,103,20,0
300,104,20,0
300,105,20,0
300,106,20,0
300,107,20,0
300,108,20,0
300,109,20,0
300,110,20,0
300,111,20,0
300,0,21,0
300,1,21,0
300,2,21,0
300,3,21,0
300,4,21,0
300,5,21,0
300,6,21,0
300,7,21,0
300,8,21,0
300,9,21,0
300,10,21,0
300,11,21,0
300,12,21,1
300,13,21,0
300,14,21,0
300,15,21,0
300,16,21,0
300,17,21,0
300,18,21,0
300,19,21,0
300,20,21,0
300,21,21,0
300,22,21,0
300,23,21,0
300,24,21,0
300,25,21,0
300,26,21,0
300,27,21,0
300,28,21,0
300,29,21,0
300,30,21,1
300,31,21,0
300,32,21,0
300,33,21,0
300,34,21,0
300,35,21,0
300,36,21,0
300,37,21,0
300,38,21,0
300,39,21,1
300,40,21,0
300,41,21,1
300,42,21,0
300,43,21,0
300,44,21,0
300,45,21,0
300,46,21,0
300,47,21,0
300,48,21,0
300,49,21,1
300,50,21,0
300,51,21,0
300,52,21,0
300,53,21,0
300,54,21,0
300,55,21,0
300,56,21,1
300,57,21,0
300,58,21,0
300,59,21,0
300,60,21,0
300,61,21,0
300,62,21,1
300,63,21,1
300,64,21,0
300,65,21,0
300,66,21,0
300,67,21,0
300,68,21,0
300,69,21,0
300,70,21,0
300,71,21,1
300,72,21,0
300,73,21,1
300,74,21,1
300,75,21,0
300,76,21,0
300,77,21,0
300,78,21,0
300,79,21,0
300,80,21,0
300,81,21,0
300,82,21,0
300,83,21,0
300,84,21,0
300,85,21,0
300,86,21,0
300,87,21,0
300,88,21,0
300,89,21,0
300,90,21,0
300,91,21,0
300,92,21,0
300,93,21,0
300,94,21,1
300,95,21,0
300,96,21,0
300,97,21,0
300,98,21,0
300,99,21,0
300,100,21,0
300,101,21,0
300,102,21,0
300,103,21,0
300,104,21,0
300,105,21,0
300,106,21,0
300,107,21,1
300,108,21,0
300,109,21,0
300,110,21,0
300,111,21,0
300,0,22,0
300,1,22,0
300,2,22,0
300,3,22,0
300,4,22,0
300,5,22,1
300,6,22,0
300,7,22,0
300,8,22,0
300,9,22,0
300,10,22,0
300,11,22,1
300,12,22,0
300,13,22,0
300,14,22,0
300,15,22,0
300,16,22,0
300,17,22,1
300,18,22,0
300,19,22,0
300,20,22,0
300,21,22,0
300,22,22,0
300,23,22,0
300,24,22,0
300,25,22,0
300,26,22,0
300,27,22,0
300,28,22,0
300,29,22,0
300,30,22,1
300,31,22,0
300,32,22,0
300,33,22,0
300,34,22,0
300,35,22,0
300,36,22,0
300,37,22,0
300,38,22,0
300,39,22,0
300,40,22,1
300,41,22,1
300,42,22,0
300,43,22,0
300,44,22,0
300,45,22,0
300,46,22,0
300,47,22,0
300,48,22,0
300,49,22,0
300,50,22,1
300,51,22,0
300,52,22,0
300,53,22,0
300,54,22,0
300,55,22,0
300,56,22,0
300,57,22,0
300,58,22,0
300,59,22,0
300,60,22,0
300,61,22,0
300,62,22,0
300,63,22,0
300,64,22,0
300,65,22,0
300,66,22,0
300,67,22,0
300,68,22,0
300,69,22,0
300,70,22,0
300,71,22,0
300,72,22,0
300,73,22,0
300,74,22,0
300,75,22,0
300,76,22,0
300,77,22,0
300,78,22,1
300,79,22,0
300,80,22,0
300,81,22,0
300,82,22,0
300,83,22,0
300,84,22,0
300,85,22,0
300,86,22,0
300,87,22,0
300,88,22,0
300,89,22,0
300,90,22,0
300,91,22,0
300,92,22,0
300,93,22,0
300,94,22,1
300,95,22,0
300,96,22,0
300,97,22,0
300,98,22,1
300,99,22,0
300,100,22,0
300,101,22,0
300,102,22,0
300,103,22,1
300,104,22,0
300,105,22,0
300,106,22,0
300,107,22,0
300,108,22,0
300,109,22,0
300,110,22,0
300,111,22,0
300,0,23,0
300,1,23,0
300,2,23,0
300,3,23,0
300,4,23,0
300,5,23,0
300,6,23,0
300,7,23,0
300,8,23,0
300,9,23,0
300,10,23,1
300,11,23,0
300,12,23,0
300,13,23,0
300,14,23,0
300,15,23,0
300,16,23,0
300,17,23,0
300,18,23,0
300,19,23,0
300,20,23,0
300,21,23,0
300,22,23,0
300,23,23,0
300,24,23,0
300,25,23,1
300,26,23,0
300,27,23,1
300,28,23,0
300,29,23,0
300,30,23,0
300,31,23,0
300,32,23,0
300,33,23,0
300,34,23,0
300,35,23,0
300,36,23,0
300,37,23,0
300,38,23,0
300,39,23,1
300,40,23,0
300,41,23,0
300,42,23,0
300,43,23,1
300,44,23,1
300,45,23,0
300,46,23,0
300,47,23,0
300,48,23,0
300,49,23,0
300,50,23,0
300,51,23,1
300,52,23,0
300,53,23,0
300,54,23,0
300,55,23,0
300,56,23,0
300,57,23,0
300,58,23,0
300,59,23,0
300,60,23,0
300,61,23,0
300,62,23,0
300,63,23,0
300,64,23,0
300,65,23,0
300,66,23,0
300,67,23,0
300,68,23,0
300,69,23,0
300,70,23,0
300,71,23,0
300,72,23,0
300,73,23,0
300,74,23,0
300,75,23,0
300,76,23,0
300,77,23,1
300,78,23,0
300,79,23,0
300,80,23,0
300,81,23,0
300,82,23,0
300,83,23,0
300,84,23,0
300,85,23,0
300,86,23,0
300,87,23,0
300,88,23,0
300,89,23,0
300,90,23,0
300,91,23,0
300,92,23,0
300,93,23,0
300,94,23,0
300,95,23,1
300,96,23,0
300,97,23,0
300,98,23,0
300,99,23,0
300,100,23,0
300,101,23,0
300,102,23,0
300,103,23,0
300,104,23,0
300,105,23,0
300,106,23,0
300,107,23,0
300,108,23,0
300,109,23,0
300,110,23,0
300,111,23,0
300,0,24,0
300,1,24,0
300,2,24,0
300,3,24,0
300,4,24,0
300,5,24,0
300,6,24,0
300,7,24,0
300,8,24,0
300,9,24,1
300,10,24,0
300,11,24,0
300,12,24,0
300,13,24,0
300,14,24,0
300,15,24,0
300,16,24,0
300,17,24,0
300,18,24,0
300,19,24,0
300,20,24,0
300,21,24,0
300,22,24,0
300,23,24,0
300,24,24,0
300,25,24,0
300,26,24,0
300,27,24,0
300,28,24,0
300,29,24,0
300,30,24,0
300,31,24,0
300,32,24,0
300,33,24,0
300,34,24,0
300,35,24,0
300,36,24,0
300,37,24,0
300,38,24,1
300,39,24,1
300,40,24,0
300,41,24,1
300,42,24,0
300,43,24,1
300,44,24,1
300,45,24,0
300,46,24,0
300,47,24,0
300,48,24,0
300,49,24,0
300,50,24,0
300,51,24,0
300,52,24,1
300,53,24,0
300,54,24,0
300,55,24,0
300,56,24,1
300,57,24,0
300,58,24,0
300,59,24,0
300,60,24,0
300,61,24,0
300,62,24,1
300,63,24,1
300,64,24,0
300,65,24,0
300,66,24,1
300,67,24,0
300,68,24,0
300,69,24,1
300,70,24,0
300,71,24,1
300,72,24,0
300,73,24,1
300,74,24,0
300,75,24,0
300,76,24,0
300,77,24,0
300,78,24,0
300,79,24,0
300,80,24,1
300,81,24,0
300,82,24,0
300,83,24,0
300,84,24,0
300,85,24,0
300,86,24,0
300,87,24,0
300,88,24,0
300,89,24,0
300,90,24,0
300,91,24,0
300,92,24,0
300,93,24,0
300,94,24,0
300,95,24,0
300,96,24,0
300,97,24,0
300,98,24,0
300,99,24,0
300,100,24,0
300,101,24,0
300,102,24,0
300,103,24,0
300,104,24,0
300,105,24,0
300,106,24,1
300,107,24,0
300,108,24,1
300,109,24,0
300,110,24,0
300,111,24,0
300,0,25,0
300,1,25,0
300,2,25,0
300,3,25,1
300,4,25,0
300,5,25,0
300,6,25,0
300,7,25,0
300,8,25,1
300,9,25,0
300,10,25,0
300,11,25,0
300,12,25,0
300,13,25,0
300,14,25,0
300,15,25,0
300,16,25,0
300,17,25,1
300,18,25,0
300,19,25,0
300,20,25,0
300,21,25,0
300,22,25,0
300,23,25,0
300,24,25,0
300,25,25,0
300,26,25,0
300,27,25,0
300,28,25,0
300,29,25,0
300,30,25,0
300,31,25,0
300,32,25,0
300,33,25,0
300,34,25,0
300,35,25,0
300,36,25,0
300,37,25,1
300,38,25,0
300,39,25,0
300,40,25,0
300,41,25,0
300,42,25,0
300,43,25,0
300,44,25,0
300,45,25,0
300,46,25,0
300,47,25,0
300,48,25,0
300,49,25,0
300,50,25,0
300,51,25,0
300,52,25,0
300,53,25,1
300,54,25,0
300,55,25,0
300,56,25,0
300,57,25,0
300,58,25,0
300,59,25,0
300,60,25,0
300,61,25,0
300,62,25,0
300,63,25,0
300,64,25,0
300,65,25,0
300,66,25,0
300,67,25,0
300,68,25,0
300,69,25,0
300,70,25,0
300,71,25,0
300,72,25,1
300,73,25,0
300,74,25,0
300,75,25,0
300,76,25,0
300,77,25,0
300,78,25,0
300,79,25,0
300,80,25,0
300,81,25,0
300,82,25,0
300,83,25,0
300,84,25,0
300,85,25,0
300,86,25,0
300,87,25,0
300,88,25,0
300,89,25,0
300,90,25,0
300,91,25,0
300,92,25,0
300,93,25,0
300,94,25,0
300,95,25,0
300,96,25,0
300,97,25,0
300,98,25,0
300,99,25,0
300,100,25,0
300,101,25,0
300,102,25,0
300,103,25,0
300,104,25,0
300,105,25,0
300,106,25,0
300,107,25,0
300,108,25,0
300,109,25,0
300,110,25,0
300,111,25,0
300,0,26,1
300,1,26,0
300,2,26,0
300,3,26,0
300,4,26,0
300,5,26,0
300,6,26,0
300,7,26,1
300,8,26,0
300,9,26,0
300,10,26,0
300,11,26,0
300,12,26,0
300,13,26,0
300,14,26,0
300,15,26,0
300,16,26,0
300,17,26,0
300,18,26,0
300,19,26,0
300,20,26,0
300,21,26,0
300,22,26,0
300,23,26,0
300,24,26,0
300,25,26,0
300,26,26,0
300,27,26,0
300,28,26,1
300,29,26,0
300,30,26,0
300,31,26,0
300,32,26,0
300,33,26,0
300,34,26,0
300,35,26,0
300,36,26,1
300,37,26,0
300,38,26,0
300,39,26,0
300,40,26,0
300,41,26,0
300,42,26,0
300,43,26,0
300,44,26,0
300,45,26,0
300,46,26,0
300,47,26,0
300,48,26,0
300,49,26,0
300,50,26,0
300,51,26,0
300,52,26,0
300,53,26,0
300,54,26,1
300,55,26,0
300,56,26,0
300,57,26,0
300,58,26,0
300,59,26,0
300,60,26,0
300,61,26,0
300,62,26,1
300,63,26,0
300,64,26,0
300,65,26,0
300,66,26,0
300,67,26,0
300,68,26,0
300,69,26,0
300,70,26,0
300,71,26,1
300,72,26,0
300,73,26,0
300,74,26,0
300,75,26,0
300,76,26,0
300,77,26,0
300,78,26,0
300,79,26,0
300,80,26,0
300,81,26,0
300,82,26,0
300,83,26,0
300,84,26,0
300,85,26,0
300,86,26,0
300,87,26,0
300,88,26,0
300,89,26,0
300,90,26,0
300,91,26,0
300,92,26,0
300,93,26,1
300,94,26,0
300,95,26,0
300,96,26,0
300,97,26,0
300,98,26,0
300,99,26,0
300,100,26,0
300,101,26,0
300,102,26,0
300,103,26,0
300,104,26,0
300,105,26,0
300,106,26,0
300,107,26,0
300,108,26,0
300,109,26,0
300,110,26,0
300,111,26,0
300,0,27,0
300,1,27,0
300,2,27,0
300,3,27,0
300,4,27,0
300,5,27,0
300,6,27,0
300,7,27,0
300,8,27,1
300,9,27,0
300,10,27,0
300,11,27,0
300,12,27,0
300,13,27,0
300,14,27,0
300,15,27,0
300,16,27,0
300,17,27,0
300,18,27,0
300,19,27,0
300,20,27,0
300,21,27,0
300,22,27,0
300,23,27,0
300,24,27,0
300,25,27,0
300,26,27,0
300,27,27,0
300,28,27,0
300,29,27,0
300,30,27,0
300,31,27,0
300,32,27,0
300,33,27,0
300,34,27,0
300,35,27,1
300,36,27,0
300,37,27,0
300,38,27,0
300,39,27,0
300,40,27,0
300,41,27,0
300,42,27,0
300,43,27,0
300,44,27,0
300,45,27,0
300,46,27,0
300,47,27,0
300,48,27,0
300,49,27,0
300,50,27,0
300,51,27,0
300,52,27,0
300,53,27,0
300,54,27,0
300,55,27,1
300,56,27,0
300,57,27,0
300,58,27,0
300,59,27,0
300,60,27,0
300,61,27,0
300,62,27,0
300,63,27,1
300,64,27,0
300,65,27,1
300,66,27,0
300,67,27,0
300,68,27,0
300,69,27,0
300,70,27,0
300,71,27,0
300,72,27,0
300,73,27,0
300,74,27,0
300,75,27,0
300,76,27,0
300,77,27,0
300,78,27,0
300,79,27,1
300,80,27,0
300,81,27,0
300,82,27,0
300,83,27,0
300,84,27,0
300,85,27,0
300,86,27,0
300,87,27,0
300,88,27,0
300,89,27,0
300,90,27,0
300,91,27,0
300,92,27,0
300,93,27,0
300,94,27,0
300,95,27,0
300,96,27,0
300,97,27,0
300,98,27,0
300,99,27,0
300,100,27,0
300,101,27,0
300,102,27,0
300,103,27,1
300,104,27,0
300,105,27,0
300,106,27,0
300,107,27,0
300,108,27,0
300,109,27,0
300,110,27,0
300,111,27,0
300,0,28,0
300,1,28,0
300,2,28,0
300,3,28,0
300,4,28,0
300,5,28,0
300,6,28,0
300,7,28,0
300,8,28,0
300,9,28,1
300,10,28,0
300,11,28,0
300,12,28,0
300,13,28,0
300,14,28,0
300,15,28,0
300,16,28,0
300,17,28,0
300,18,28,0
300,19,28,0
300,20,28,0
300,21,28,0
300,22,28,0
300,23,28,0
300,24,28,1
300,25,28,0
300,26,28,0
300,27,28,0
300,28,28,0
300,29,28,0
300,30,28,0
300,31,28,0
300,32,28,0
300,33,28,0
300,34,28,1
300,35,28,0
300,36,28,0
300,37,28,0
300,38,28,0
300,39,28,1
300,40,28,0
300,41,28,1
300,42,28,0
300,43,28,1
300,44,28,1
300,45,28,0
300,46,28,0
300,47,28,0
300,48,28,0
300,49,28,0
300,50,28,0
300,51,28,0
300,52,28,0
300,53,28,0
300,54,28,0
300,55,28,1
300,56,28,1
300,57,28,0
300,58,28,1
300,59,28,0
300,60,28,0
300,61,28,0
300,62,28,1
300,63,28,1
300,64,28,0
300,65,28,0
300,66,28,0
300,67,28,0
300,68,28,0
300,69,28,0
300,70,28,0
300,71,28,1
300,72,28,0
300,73,28,1
300,74,28,0
300,75,28,0
300,76,28,1
300,77,28,0
300,78,28,0
300,79,28,0
300,80,28,0
300,81,28,0
300,82,28,0
300,83,28,0
300,84,28,0
300,85,28,0
300,86,28,0
300,87,28,0
300,88,28,0
300,89,28,0
300,90,28,0
300,91,28,0
300,92,28,0
300,93,28,0
300,94,28,0
300,95,28,0
300,96,28,0
300,97,28,0
300,98,28,0
300,99,28,0
300,100,28,0
300,101,28,0
300,102,28,0
300,103,28,0
300,104,28,0
300,105,28,0
300,106,28,0
300,107,28,0
300,108,28,0
300,109,28,0
300,110,28,0
300,111,28,0
300,0,29,1
300,1,29,1
300,2,29,0
300,3,29,0
300,4,29,0
300,5,29,0
300,6,29,0
300,7,29,0
300,8,29,0
300,9,29,0
300,10,29,1
300,11,29,0
300,12,29,0
300,13,29,0
300,14,29,0
300,15,29,0
300,16,29,0
300,17,29,0
300,18,29,0
300,19,29,0
300,20,29,1
300,21,29,0
300,22,29,0
300,23,29,0
300,24,29,0
300,25,29,0
300,26,29,1
300,27,29,0
300,28,29,0
300,29,29,0
300,30,29,0
300,31,29,0
300,32,29,0
300,33,29,1
300,34,29,0
300,35,29,0
300,36,29,0
300,37,29,0
300,38,29,0
300,39,29,0
300,40,29,0
300,41,29,0
300,42,29,0
300,43,29,0
300,44,29,0
300,45,29,0
300,46,29,0
300,47,29,0
300,48,29,0
300,49,29,0
300,50,29,0
300,51,29,0
300,52,29,0
300,53,29,0
300,54,29,0
300,55,29,1
300,56,29,1
300,57,29,0
300,58,29,0
300,59,29,0
300,60,29,0
300,61,29,0
300,62,29,1
300,63,29,1
300,64,29,0
300,65,29,0
300,66,29,0
300,67,29,0
300,68,29,0
300,69,29,0
300,70,29,0
300,71,29,1
300,72,29,1
300,73,29,1
300,74,29,0
300,75,29,1
300,76,29,0
300,77,29,0
300,78,29,0
300,79,29,0
300,80,29,0
300,81,29,0
300,82,29,0
300,83,29,0
300,84,29,0
300,85,29,0
300,86,29,0
300,87,29,0
300,88,29,0
300,89,29,0
300,90,29,0
300,91,29,0
300,92,29,0
300,93,29,0
300,94,29,0
300,95,29,0
300,96,29,0
300,97,29,0
300,98,29,0
300,99,29,0
300,100,29,0
300,101,29,0
300,102,29,0
300,103,29,0
300,104,29,0
300,105,29,0
300,106,29,0
300,107,29,0
300,108,29,0
300,109,29,0
300,110,29,0
300,111,29,0
300,0,30,0
300,1,30,0
300,2,30,0
300,3,30,0
300,4,30,0
300,5,30,0
300,6,30,0
300,7,30,0
300,8,30,0
300,9,30,0
300,10,30,0
300,11,30,1
300,12,30,0
300,13,30,1
300,14,30,0
300,15,30,0
300,16,30,0
300,17,30,0
300,18,30,0
300,19,30,0
300,20,30,0
300,21,30,0
300,22,30,0
300,23,30,0
300,24,30,0
300,25,30,0
300,26,30,0
300,27,30,0
300,28,30,0
300,29,30,0
300,30,30,0
300,31,30,0
300,32,30,1
300,33,30,0
300,34,30,0
300,35,30,0
300,36,30,0
300,37,30,0
300,38,30,0
300,39,30,1
300,40,30,0
300,41,30,0
300,42,30,0
300,43,30,0
300,44,30,0
300,45,30,0
300,46,30,0
300,47,30,0
300,48,30,0
300,49,30,0
300,50,30,0
300,51,30,0
300,52,30,0
300,53,30,1
300,54,30,0
300,55,30,1
300,56,30,0
300,57,30,0
300,58,30,0
300,59,30,0
300,60,30,0
300,61,30,0
300,62,30,0
300,63,30,1
300,64,30,0
300,65,30,0
300,66,30,0
300,67,30,0
300,68,30,0
300,69,30,0
300,70,30,0
300,71,30,0
300,72,30,0
300,73,30,0
300,74,30,0
300,75,30,0
300,76,30,0
300,77,30,0
300,78,30,1
300,79,30,0
300,80,30,0
300,81,30,0
300,82,30,0
300,83,30,0
300,84,30,0
300,85,30,0
300,86,30,0
300,87,30,0
300,88,30,0
300,89,30,0
300,90,30,0
300,91,30,0
300,92,30,0
300,93,30,1
300,94,30,0
300,95,30,0
300,96,30,0
300,97,30,0
300,98,30,0
300,99,30,0
300,100,30,0
300,101,30,1
300,102,30,1
300,103,30,0
300,104,30,0
300,105,30,0
300,106,30,0
300,107,30,0
300,108,30,1
300,109,30,0
300,110,30,0
300,111,30,0
300,0,31,0
300,1,31,0
300,2,31,0
300,3,31,0
300,4,31,0
300,5,31,0
300,6,31,0
300,7,31,0
300,8,31,0
300,9,31,0
300,10,31,0
300,11,31,0
300,12,31,1
300,13,31,0
300,14,31,0
300,15,31,0
300,16,31,0
300,17,31,0
300,18,31,0
300,19,31,0
300,20,31,0
300,21,31,0
300,22,31,0
300,23,31,0
300,24,31,0
300,25,31,0
300,26,31,0
300,27,31,0
300,28,31,0
300,29,31,0
300,30,31,0
300,31,31,1
300,32,31,0
300,33,31,0
300,34,31,0
300,35,31,0
300,36,31,0
300,37,31,0
300,38,31,0
300,39,31,1
300,40,31,0
300,41,31,0
300,42,31,0
300,43,31,0
300,44,31,0
300,45,31,0
300,46,31,0
300,47,31,0
300,48,31,0
300,49,31,0
300,50,31,0
300,51,31,0
300,52,31,1
300,53,31,0
300,54,31,0
300,55,31,1
300,56,31,0
300,57,31,0
300,58,31,0
300,59,31,0
300,60,31,0
300,61,31,0
300,62,31,0
300,63,31,0
300,64,31,0
300,65,31,0
300,66,31,0
300,67,31,0
300,68,31,0
300,69,31,0
300,70,31,0
300,71,31,0
300,72,31,0
300,73,31,0
300,74,31,0
300,75,31,0
300,76,31,0
300,77,31,0
300,78,31,0
300,79,31,0
300,80,31,0
300,81,31,0
300,82,31,1
300,83,31,0
300,84,31,0
300,85,31,0
300,86,31,0
300,87,31,0
300,88,31,0
300,89,31,0
300,90,31,0
300,91,31,0
300,92,31,0
300,93,31,0
300,94,31,0
300,95,31,0
300,96,31,0
300,97,31,0
300,98,31,0
300,99,31,0
300,100,31,0
300,101,31,0
300,102,31,0
300,103,31,0
300,104,31,0
300,105,31,0
300,106,31,0
300,107,31,0
300,108,31,0
300,109,31,0
300,110,31,0
300,111,31,0
300,0,32,0
300,1,32,0
300,2,32,0
300,3,32,0
300,4,32,0
300,5,32,0
300,6,32,0
300,7,32,0
300,8,32,0
300,9,32,1
300,10,32,0
300,11,32,0
300,12,32,0
300,13,32,1
300,14,32,0
300,15,32,0
300,16,32,0
300,17,32,0
300,18,32,0
300,19,32,0
300,20,32,0
300,21,32,0
300,22,32,0
300,23,32,0
300,24,32,0
300,25,32,0
300,26,32,0
300,27,32,0
300,28,32,0
300,29,32,0
300,30,32,1
300,31,32,0
300,32,32,0
300,33,32,0
300,34,32,0
300,35,32,0
300,36,32,0
300,37,32,0
300,38,32,0
300,39,32,0
300,40,32,1
300,41,32,0
300,42,32,0
300,43,32,0
300,44,32,0
300,45,32,0
300,46,32,0
300,47,32,0
300,48,32,0
300,49,32,0
300,50,32,0
300,51,32,0
300,52,32,0
300,53,32,0
300,54,32,0
300,55,32,1
300,56,32,0
300,57,32,0
300,58,32,0
300,59,32,0
300,60,32,0
300,61,32,0
300,62,32,0
300,63,32,0
300,64,32,0
300,65,32,0
300,66,32,0
300,67,32,0
300,68,32,0
300,69,32,0
300,70,32,1
300,71,32,0
300,72,32,0
300,73,32,0
300,74,32,0
300,75,32,0
300,76,32,0
300,77,32,0
300,78,32,0
300,79,32,0
300,80,32,0
300,81,32,0
300,82,32,0
300,83,32,0
300,84,32,0
300,85,32,0
300,86,32,0
300,87,32,0
300,88,32,0
300,89,32,0
300,90,32,0
300,91,32,1
300,92,32,0
300,93,32,0
300,94,32,0
300,95,32,0
300,96,32,0
300,97,32,0
300,98,32,0
300,99,32,0
300,100,32,0
300,101,32,0
300,102,32,0
300,103,32,0
300,104,32,0
300,105,32,0
300,106,32,0
300,107,32,0
300,108,32,0
300,109,32,1
300,110,32,0
300,111,32,0
300,0,33,0
300,1,33,0
300,2,33,0
300,3,33,0
300,4,33,0
300,5,33,1
300,6,33,0
300,7,33,0
300,8,33,0
300,9,33,0
300,10,33,0
300,11,33,0
300,12,33,0
300,13,33,0
300,14,33,1
300,15,33,0
300,16,33,0
300,17,33,0
300,18,33,0
300,19,33,0
300,20,33,0
300,21,33,0
300,22,33,0
300,23,33,0
300,24,33,0
300,25,33,0
300,26,33,0
300,27,33,0
300,28,33,1
300,29,33,1
300,30,33,0
300,31,33,0
300,32,33,0
300,33,33,0
300,34,33,0
300,35,33,0
300,36,33,0
300,37,33,0
300,38,33,0
300,39,33,1
300,40,33,0
300,41,33,1
300,42,33,0
300,43,33,1
300,44,33,1
300,45,33,0
300,46,33,0
300,47,33,0
300,48,33,0
300,49,33,0
300,50,33,0
300,51,33,0
300,52,33,0
300,53,33,0
300,54,33,1
300,55,33,1
300,56,33,0
300,57,33,0
300,58,33,0
300,59,33,0
300,60,33,0
300,61,33,0
300,62,33,0
300,63,33,0
300,64,33,0
300,65,33,0
300,66,33,0
300,67,33,0
300,68,33,0
300,69,33,0
300,70,33,0
300,71,33,0
300,72,33,0
300,73,33,0
300,74,33,0
300,75,33,0
300,76,33,0
300,77,33,1
300,78,33,0
300,79,33,0
300,80,33,0
300,81,33,0
300,82,33,0
300,83,33,0
300,84,33,0
300,85,33,0
300,86,33,0
300,87,33,0
300,88,33,0
300,89,33,0
300,90,33,0
300,91,33,0
300,92,33,0
300,93,33,0
300,94,33,0
300,95,33,0
300,96,33,0
300,97,33,0
300,98,33,0
300,99,33,0
300,100,33,1
300,101,33,0
300,102,33,0
300,103,33,0
300,104,33,0
300,105,33,0
300,106,33,0
300,107,33,0
300,108,33,0
300,109,33,0
300,110,33,0
300,111,33,0
300,0,34,0
300,1,34,0
300,2,34,0
300,3,34,0
300,4,34,0
300,5,34,0
300,6,34,0
300,7,34,0
300,8,34,1
300,9,34,0
300,10,34,0
300,11,34,0
300,12,34,0
300,13,34,0
300,14,34,0
300,15,34,1
300,16,34,0
300,17,34,0
300,18,34,0
300,19,34,0
300,20,34,0
300,21,34,1
300,22,34,0
300,23,34,0
300,24,34,0
300,25,34,0
300,26,34,0
300,27,34,0
300,28,34,1
300,29,34,0
300,30,34,0
300,31,34,0
300,32,34,0
300,33,34,0
300,34,34,0
300,35,34,0
300,36,34,0
300,37,34,0
300,38,34,0
300,39,34,1
300,40,34,0
300,41,34,1
300,42,34,0
300,43,34,1
300,44,34,1
300,45,34,0
300,46,34,0
300,47,34,0
300,48,34,0
300,49,34,0
300,50,34,0
300,51,34,0
300,52,34,0
300,53,34,0
300,54,34,0
300,55,34,1
300,56,34,0
300,57,34,0
300,58,34,0
300,59,34,0
300,60,34,0
300,61,34,0
300,62,34,0
300,63,34,0
300,64,34,0
300,65,34,0
300,66,34,0
300,67,34,0
300,68,34,0
300,69,34,0
300,70,34,0
300,71,34,0
300,72,34,1
300,73,34,0
300,74,34,0
300,75,34,0
300,76,34,0
300,77,34,0
300,78,34,0
300,79,34,0
300,80,34,0
300,81,34,0
300,82,34,0
300,83,34,0
300,84,34,0
300,85,34,0
300,86,34,0
300,87,34,0
300,88,34,0
300,89,34,0
300,90,34,0
300,91,34,0
300,92,34,0
300,93,34,0
300,94,34,0
300,95,34,0
300,96,34,0
300,97,34,0
300,98,34,0
300,99,34,0
300,100,34,0
300,101,34,0
300,102,34,0
300,103,34,0
300,104,34,0
300,105,34,0
300,106,34,0
300,107,34,0
300,108,34,0
300,109,34,0
300,110,34,0
300,111,34,0
300,0,35,0
300,1,35,1
300,2,35,0
300,3,35,0
300,4,35,0
300,5,35,0
300,6,35,0
300,7,35,0
300,8,35,0
300,9,35,0
300,10,35,0
300,11,35,0
300,12,35,0
300,13,35,0
300,14,35,0
300,15,35,0
300,16,35,1
300,17,35,0
300,18,35,0
300,19,35,0
300,20,35,0
300,21,35,0
300,22,35,0
300,23,35,1
300,24,35,0
300,25,35,0
300,26,35,0
300,27,35,1
300,28,35,0
300,29,35,0
300,30,35,0
300,31,35,0
300,32,35,0
300,33,35,0
300,34,35,1
300,35,35,0
300,36,35,0
300,37,35,0
300,38,35,0
300,39,35,0
300,40,35,0
300,41,35,0
300,42,35,0
300,43,35,0
300,44,35,0
300,45,35,0
300,46,35,0
300,47,35,0
300,48,35,0
300,49,35,0
300,50,35,0
300,51,35,0
300,52,35,0
300,53,35,0
300,54,35,0
300,55,35,1
300,56,35,1
300,57,35,0
300,58,35,0
300,59,35,0
300,60,35,0
300,61,35,0
300,62,35,0
300,63,35,0
300,64,35,0
300,65,35,0
300,66,35,0
300,67,35,0
300,68,35,0
300,69,35,0
300,70,35,0
300,71,35,0
300,72,35,0
300,73,35,0
300,74,35,0
300,75,35,0
300,76,35,0
300,77,35,0
300,78,35,0
300,79,35,0
300,80,35,0
300,81,35,0
300,82,35,0
300,83,35,0
300,84,35,0
300,85,35,0
300,86,35,0
300,87,35,0
300,88,35,1
300,89,35,0
300,90,35,0
300,91,35,0
300,92,35,0
300,93,35,0
300,94,35,0
300,95,35,0
300,96,35,0
300,97,35,1
300,98,35,0
300,99,35,0
300,100,35,0
300,101,35,0
300,102,35,0
300,103,35,1
300,104,35,0
300,105,35,0
300,106,35,0
300,107,35,0
300,108,35,0
300,109,35,0
300,110,35,0
300,111,35,0
300,0,36,0
300,1,36,0
300,2,36,0
300,3,36,0
300,4,36,0
300,5,36,0
300,6,36,0
300,7,36,0
300,8,36,0
300,9,36,0
300,10,36,0
300,11,36,0
300,12,36,0
300,13,36,0
300,14,36,0
300,15,36,0
300,16,36,0
300,17,36,1
300,18,36,0
300,19,36,0
300,20,36,0
300,21,36,0
300,22,36,0
300,23,36,0
300,24,36,0
300,25,36,0
300,26,36,1
300,27,36,0
300,28,36,0
300,29,36,0
300,30,36,0
300,31,36,0
300,32,36,0
300,33,36,0
300,34,36,0
300,35,36,0
300,36,36,0
300,37,36,0
300,38,36,0
300,39,36,0
300,40,36,0
300,41,36,0
300,42,36,0
300,43,36,0
300,44,36,1
300,45,36,0
300,46,36,0
300,47,36,0
300,48,36,0
300,49,36,0
300,50,36,0
300,51,36,0
300,52,36,0
300,53,36,0
300,54,36,0
300,55,36,1
300,56,36,0
300,57,36,0
300,58,36,0
300,59,36,0
300,60,36,0
300,61,36,0
300,62,36,0
300,63,36,0
300,64,36,0
300,65,36,0
300,66,36,0
300,67,36,0
300,68,36,0
300,69,36,0
300,70,36,0
300,71,36,0
300,72,36,0
300,73,36,0
300,74,36,0
300,75,36,0
300,76,36,0
300,77,36,0
300,78,36,0
300,79,36,0
300,80,36,0
300,81,36,0
300,82,36,1
300,83,36,0
300,84,36,0
300,85,36,0
300,86,36,0
300,87,36,0
300,88,36,0
300,89,36,0
300,90,36,0
300,91,36,0
300,92,36,0
300,93,36,0
300,94,36,0
300,95,36,0
300,96,36,0
300,97,36,0
300,98,36,0
300,99,36,1
300,100,36,0
300,101,36,0
300,102,36,0
300,103,36,0
300,104,36,0
300,105,36,0
300,106,36,0
300,107,36,0
300,108,36,0
300,109,36,0
300,110,36,0
300,111,36,0
300,0,37,0
300,1,37,0
300,2,37,0
300,3,37,0
300,4,37,0
300,5,37,0
300,6,37,0
300,7,37,0
300,8,37,0
300,9,37,0
300,10,37,0
300,11,37,0
300,12,37,1
300,13,37,0
300,14,37,0
300,15,37,0
300,16,37,0
300,17,37,0
300,18,37,1
300,19,37,0
300,20,37,0
300,21,37,0
300,22,37,0
300,23,37,0
300,24,37,0
300,25,37,1
300,26,37,0
300,27,37,0
300,28,37,0
300,29,37,0
300,30,37,0
300,31,37,0
300,32,37,0
300,33,37,0
300,34,37,0
300,35,37,0
300,36,37,0
300,37,37,0
300,38,37,0
300,39,37,0
300,40,37,1
300,41,37,0
300,42,37,0
300,43,37,0
300,44,37,0
300,45,37,0
300,46,37,0
300,47,37,0
300,48,37,0
300,49,37,0
300,50,37,0
300,51,37,0
300,52,37,0
300,53,37,0
300,54,37,0
300,55,37,1
300,56,37,0
300,57,37,0
300,58,37,0
300,59,37,0
300,60,37,0
300,61,37,0
300,62,37,0
300,63,37,0
300,64,37,0
300,65,37,0
300,66,37,0
300,67,37,0
300,68,37,0
300,69,37,0
300,70,37,0
300,71,37,0
300,72,37,0
300,73,37,0
300,74,37,0
300,75,37,0
300,76,37,0
300,77,37,0
300,78,37,0
300,79,37,0
300,80,37,0
300,81,37,0
300,82,37,0
300,83,37,0
300,84,37,0
300,85,37,0
300,86,37,0
300,87,37,0
300,88,37,0
300,89,37,0
300,90,37,0
300,91,37,0
300,92,37,0
300,93,37,0
300,94,37,0
300,95,37,0
300,96,37,0
300,97,37,0
300,98,37,0
300,99,37,0
300,100,37,1
300,101,37,0
300,102,37,0
300,103,37,0
300,104,37,0
300,105,37,0
300,106,37,0
300,107,37,0
300,108,37,0
300,109,37,0
300,110,37,1
300,111,37,0
300,0,38,0
300,1,38,0
300,2,38,0
300,3,38,0
300,4,38,0
300,5,38,0
300,6,38,0
300,7,38,0
300,8,38,0
300,9,38,0
300,10,38,0
300,11,38,0
300,12,38,1
300,13,38,0
300,14,38,0
300,15,38,0
300,16,38,0
300,17,38,0
300,18,38,0
300,19,38,1
300,20,38,0
300,21,38,0
300,22,38,0
300,23,38,0
300,24,38,1
300,25,38,0
300,26,38,0
300,27,38,0
300,28,38,0
300,29,38,0
300,30,38,1
300,31,38,1
300,32,38,0
300,33,38,0
300,34,38,0
300,35,38,0
300,36,38,0
300,37,38,0
300,38,38,0
300,39,38,0
300,40,38,0
300,41,38,0
300,42,38,0
300,43,38,0
300,44,38,0
300,45,38,0
300,46,38,0
300,47,38,0
300,48,38,0
300,49,38,0
300,50,38,0
300,51,38,0
300,52,38,0
300,53,38,0
300,54,38,0
300,55,38,1
300,56,38,0
300,57,38,0
300,58,38,0
300,59,38,0
300,60,38,0
300,61,38,0
300,62,38,0
300,63,38,0
300,64,38,0
300,65,38,0
300,66,38,0
300,67,38,0
300,68,38,0
300,69,38,0
300,70,38,0
300,71,38,0
300,72,38,1
300,73,38,0
300,74,38,0
300,75,38,1
300,76,38,0
300,77,38,0
300,78,38,0
300,79,38,0
300,80,38,0
300,81,38,0
300,82,38,0
300,83,38,0
300,84,38,0
300,85,38,0
300,86,38,0
300,87,38,0
300,88,38,1
300,89,38,0
300,90,38,0
300,91,38,0
300,92,38,0
300,93,38,0
300,94,38,0
300,95,38,0
300,96,38,0
300,97,38,0
300,98,38,0
300,99,38,0
300,100,38,0
300,101,38,1
300,102,38,0
300,103,38,0
300,104,38,0
300,105,38,0
300,106,38,0
300,107,38,0
300,108,38,0
300,109,38,0
300,110,38,0
300,111,38,0
300,0,39,0
300,1,39,0
300,2,39,0
300,3,39,0
300,4,39,0
300,5,39,1
300,6,39,0
300,7,39,0
300,8,39,0
300,9,39,0
300,10,39,0
300,11,39,0
300,12,39,0
300,13,39,0
300,14,39,0
300,15,39,0
300,16,39,0
300,17,39,0
300,18,39,0
300,19,39,0
300,20,39,1
300,21,39,0
300,22,39,0
300,23,39,1
300,24,39,0
300,25,39,0
300,26,39,0
300,27,39,0
300,28,39,0
300,29,39,0
300,30,39,0
300,31,39,0
300,32,39,0
300,33,39,0
300,34,39,0
300,35,39,0
300,36,39,0
300,37,39,0
300,38,39,0
300,39,39,0
300,40,39,0
300,41,39,0
300,42,39,0
300,43,39,0
300,44,39,0
300,45,39,0
300,46,39,0
300,47,39,0
300,48,39,0
300,49,39,0
300,50,39,0
300,51,39,1
300,52,39,0
300,53,39,1
300,54,39,0
300,55,39,1
300,56,39,0
300,57,39,0
300,58,39,1
300,59,39,0
300,60,39,0
300,61,39,0
300,62,39,0
300,63,39,0
300,64,39,0
300,65,39,0
300,66,39,0
300,67,39,0
300,68,39,0
300,69,39,0
300,70,39,0
300,71,39,0
300,72,39,0
300,73,39,1
300,74,39,0
300,75,39,0
300,76,39,0
300,77,39,0
300,78,39,0
300,79,39,0
300,80,39,0
300,81,39,0
300,82,39,1
300,83,39,0
300,84,39,0
300,85,39,0
300,86,39,0
300,87,39,0
300,88,39,0
300,89,39,0
300,90,39,0
300,91,39,0
300,92,39,0
300,93,39,0
300,94,39,1
300,95,39,0
300,96,39,0
300,97,39,0
300,98,39,0
300,99,39,0
300,100,39,0
300,101,39,1
300,102,39,0
300,103,39,0
300,104,39,0
300,105,39,0
300,106,39,0
300,107,39,0
300,108,39,0
300,109,39,0
300,110,39,0
300,111,39,0
300,0,40,0
300,1,40,0
300,2,40,0
300,3,40,0
300,4,40,0
300,5,40,0
300,6,40,0
300,7,40,0
300,8,40,0
300,9,40,0
300,10,40,0
300,11,40,0
300,12,40,0
300,13,40,0
300,14,40,0
300,15,40,0
300,16,40,0
300,17,40,0
300,18,40,0
300,19,40,0
300,20,40,0
300,21,40,1
300,22,40,1
300,23,40,0
300,24,40,0
300,25,40,0
300,26,40,0
300,27,40,0
300,28,40,0
300,29,40,0
300,30,40,1
300,31,40,0
300,32,40,0
300,33,40,0
300,34,40,0
300,35,40,0
300,36,40,0
300,37,40,0
300,38,40,0
300,39,40,0
300,40,40,0
300,41,40,0
300,42,40,0
300,43,40,0
300,44,40,0
300,45,40,0
300,46,40,0
300,47,40,0
300,48,40,0
300,49,40,0
300,50,40,0
300,51,40,0
300,52,40,0
300,53,40,0
300,54,40,0
300,55,40,1
300,56,40,0
300,57,40,0
300,58,40,0
300,59,40,0
300,60,40,0
300,61,40,0
300,62,40,0
300,63,40,0
300,64,40,0
300,65,40,1
300,66,40,0
300,67,40,0
300,68,40,0
300,69,40,0
300,70,40,0
300,71,40,0
300,72,40,0
300,73,40,0
300,74,40,0
300,75,40,0
300,76,40,0
300,77,40,0
300,78,40,0
300,79,40,0
300,80,40,0
300,81,40,0
300,82,40,0
300,83,40,0
300,84,40,0
300,85,40,0
300,86,40,0
300,87,40,0
300,88,40,0
300,89,40,0
300,90,40,0
300,91,40,0
300,92,40,0
300,93,40,0
300,94,40,0
300,95,40,0
300,96,40,0
300,97,40,0
300,98,40,0
300,99,40,0
300,100,40,0
300,101,40,0
300,102,40,0
300,103,40,1
300,104,40,0
300,105,40,0
300,106,40,0
300,107,40,0
300,108,40,1
300,109,40,0
300,110,40,0
300,111,40,0
300,0,41,1
300,1,41,0
300,2,41,0
300,3,41,0
300,4,41,0
300,5,41,0
300,6,41,1
300,7,41,0
300,8,41,0
300,9,41,0
300,10,41,0
300,11,41,0
300,12,41,0
300,13,41,0
300,14,41,0
300,15,41,0
300,16,41,0
300,17,41,0
300,18,41,0
300,19,41,1
300,20,41,0
300,21,41,0
300,22,41,1
300,23,41,1
300,24,41,0
300,25,41,0
300,26,41,0
300,27,41,0
300,28,41,0
300,29,41,0
300,30,41,0
300,31,41,0
300,32,41,0
300,33,41,0
300,34,41,0
300,35,41,1
300,36,41,0
300,37,41,0
300,38,41,0
300,39,41,0
300,40,41,0
300,41,41,0
300,42,41,0
300,43,41,0
300,44,41,0
300,45,41,0
300,46,41,0
300,47,41,0
300,48,41,0
300,49,41,0
300,50,41,0
300,51,41,0
300,52,41,0
300,53,41,0
300,54,41,0
300,55,41,0
300,56,41,0
300,57,41,0
300,58,41,0
300,59,41,0
300,60,41,0
300,61,41,0
300,62,41,0
300,63,41,0
300,64,41,0
300,65,41,0
300,66,41,0
300,67,41,0
300,68,41,0
300,69,41,0
300,70,41,0
300,71,41,0
300,72,41,0
300,73,41,0
300,74,41,0
300,75,41,0
300,76,41,0
300,77,41,0
300,78,41,0
300,79,41,0
300,80,41,0
300,81,41,0
300,82,41,0
300,83,41,0
300,84,41,0
300,85,41,0
300,86,41,0
300,87,41,0
300,88,41,0
300,89,41,0
300,90,41,0
300,91,41,0
300,92,41,0
300,93,41,0
300,94,41,0
300,95,41,0
300,96,41,0
300,97,41,0
300,98,41,0
300,99,41,0
300,100,41,0
300,101,41,0
300,102,41,0
300,103,41,0
300,104,41,0
300,105,41,0
300,106,41,0
300,107,41,0
300,108,41,0
300,109,41,0
300,110,41,0
300,111,41,0
300,0,42,0
300,1,42,0
300,2,42,0
300,3,42,0
300,4,42,0
300,5,42,0
300,6,42,0
300,7,42,0
300,8,42,0
300,9,42,0
300,10,42,1
300,11,42,0
300,12,42,0
300,13,42,0
300,14,42,0
300,15,42,0
300,16,42,0
300,17,42,0
300,18,42,0
300,19,42,0
300,20,42,0
300,21,42,0
300,22,42,0
300,23,42,1
300,24,42,0
300,25,42,0
300,26,42,1
300,27,42,0
300,28,42,0
300,29,42,1
300,30,42,0
300,31,42,1
300,32,42,1
300,33,42,1
300,34,42,0
300,35,42,0
300,36,42,0
300,37,42,0
300,38,42,0
300,39,42,1
300,40,42,0
300,41,42,1
300,42,42,0
300,43,42,1
300,44,42,1
300,45,42,0
300,46,42,0
300,47,42,0
300,48,42,1
300,49,42,0
300,50,42,0
300,51,42,0
300,52,42,0
300,53,42,0
300,54,42,1
300,55,42,0
300,56,42,0
300,57,42,0
300,58,42,0
300,59,42,0
300,60,42,0
300,61,42,0
300,62,42,0
300,63,42,0
300,64,42,0
300,65,42,0
300,66,42,1
300,67,42,0
300,68,42,0
300,69,42,0
300,70,42,0
300,71,42,0
300,72,42,0
300,73,42,0
300,74,42,0
300,75,42,0
300,76,42,0
300,77,42,0
300,78,42,0
300,79,42,0
300,80,42,0
300,81,42,0
300,82,42,0
300,83,42,0
300,84,42,0
300,85,42,0
300,86,42,0
300,87,42,0
300,88,42,0
300,89,42,0
300,90,42,0
300,91,42,0
300,92,42,0
300,93,42,0
300,94,42,0
300,95,42,0
300,96,42,0
300,97,42,0
300,98,42,0
300,99,42,0
300,100,42,0
300,101,42,0
300,102,42,0
300,103,42,0
300,104,42,0
300,105,42,0
300,106,42,0
300,107,42,0
300,108,42,1
300,109,42,0
300,110,42,0
300,111,42,1
300,0,43,0
300,1,43,0
300,2,43,1
300,3,43,0
300,4,43,0
300,5,43,0
300,6,43,0
300,7,43,0
300,8,43,0
300,9,43,0
300,10,43,0
300,11,43,0
300,12,43,0
300,13,43,1
300,14,43,0
300,15,43,0
300,16,43,1
300,17,43,0
300,18,43,0
300,19,43,0
300,20,43,0
300,21,43,0
300,22,43,0
300,23,43,0
300,24,43,1
300,25,43,0
300,26,43,0
300,27,43,0
300,28,43,0
300,29,43,0
300,30,43,0
300,31,43,0
300,32,43,0
300,33,43,0
300,34,43,0
300,35,43,0
300,36,43,0
300,37,43,0
300,38,43,0
300,39,43,0
300,40,43,0
300,41,43,0
300,42,43,0
300,43,43,0
300,44,43,0
300,45,43,0
300,46,43,0
300,47,43,0
300,48,43,0
300,49,43,0
300,50,43,0
300,51,43,0
300,52,43,0
300,53,43,0
300,54,43,0
300,55,43,0
300,56,43,0
300,57,43,0
300,58,43,0
300,59,43,0
300,60,43,0
300,61,43,0
300,62,43,0
300,63,43,0
300,64,43,0
300,65,43,0
300,66,43,0
300,67,43,0
300,68,43,0
300,69,43,0
300,70,43,0
300,71,43,0
300,72,43,0
300,73,43,0
300,74,43,0
300,75,43,0
300,76,43,0
300,77,43,0
300,78,43,0
300,79,43,0
300,80,43,0
300,81,43,0
300,82,43,0
300,83,43,0
300,84,43,0
300,85,43,0
300,86,43,0
300,87,43,0
300,88,43,0
300,89,43,0
300,90,43,0
300,91,43,0
300,92,43,1
300,93,43,0
300,94,43,0
300,95,43,0
300,96,43,0
300,97,43,0
300,98,43,0
300,99,43,0
300,100,43,0
300,101,43,0
300,102,43,0
300,103,43,0
300,104,43,0
300,105,43,0
300,106,43,0
300,107,43,1
300,108,43,0
300,109,43,0
300,110,43,1
300,111,43,0
300,0,44,0
300,1,44,0
300,2,44,0
300,3,44,0
300,4,44,0
300,5,44,0
300,6,44,0
300,7,44,0
300,8,44,1
300,9,44,0
300,10,44,0
300,11,44,0
300,12,44,0
300,13,44,0
300,14,44,0
300,15,44,0
300,16,44,1
300,17,44,0
300,18,44,0
300,19,44,0
300,20,44,0
300,21,44,0
300,22,44,0
300,23,44,0
300,24,44,0
300,25,44,1
300,26,44,0
300,27,44,0
300,28,44,0
300,29,44,1
300,30,44,0
300,31,44,0
300,32,44,0
300,33,44,0
300,34,44,0
300,35,44,0
300,36,44,0
300,37,44,0
300,38,44,0
300,39,44,1
300,40,44,0
300,41,44,0
300,42,44,0
300,43,44,0
300,44,44,0
300,45,44,0
300,46,44,0
300,47,44,0
300,48,44,0
300,49,44,0
300,50,44,0
300,51,44,0
300,52,44,0
300,53,44,0
300,54,44,0
300,55,44,0
300,56,44,0
300,57,44,0
300,58,44,0
300,59,44,0
300,60,44,0
300,61,44,0
300,62,44,0
300,63,44,0
300,64,44,1
300,65,44,0
300,66,44,0
300,67,44,0
300,68,44,0
300,69,44,0
300,70,44,0
300,71,44,0
300,72,44,1
300,73,44,0
300,74,44,0
300,75,44,0
300,76,44,0
300,77,44,0
300,78,44,0
300,79,44,0
300,80,44,0
300,81,44,0
300,82,44,0
300,83,44,0
300,84,44,0
300,85,44,0
300,86,44,0
300,87,44,0
300,88,44,0
300,89,44,0
300,90,44,0
300,91,44,0
300,92,44,0
300,93,44,0
300,94,44,0
300,95,44,0
300,96,44,0
300,97,44,0
300,98,44,0
300,99,44,0
300,100,44,0
300,101,44,0
300,102,44,0
300,103,44,0
300,104,44,0
300,105,44,0
300,106,44,1
300,107,44,0
300,108,44,0
300,109,44,0
300,110,44,0
300,111,44,0
300,0,45,0
300,1,45,0
300,2,45,0
300,3,45,0
300,4,45,0
300,5,45,0
300,6,45,0
300,7,45,0
300,8,45,0
300,9,45,0
300,10,45,1
300,11,45,0
300,12,45,0
300,13,45,1
300,14,45,0
300,15,45,0
300,16,45,0
300,17,45,0
300,18,45,0
300,19,45,0
300,20,45,0
300,21,45,0
300,22,45,0
300,23,45,0
300,24,45,1
300,25,45,0
300,26,45,1
300,27,45,0
300,28,45,0
300,29,45,0
300,30,45,0
300,31,45,0
300,32,45,0
300,33,45,1
300,34,45,0
300,35,45,0
300,36,45,0
300,37,45,0
300,38,45,0
300,39,45,0
300,40,45,0
300,41,45,0
300,42,45,0
300,43,45,0
300,44,45,0
300,45,45,0
300,46,45,1
300,47,45,0
300,48,45,0
300,49,45,0
300,50,45,0
300,51,45,0
300,52,45,0
300,53,45,0
300,54,45,0
300,55,45,0
300,56,45,0
300,57,45,0
300,58,45,0
300,59,45,0
300,60,45,0
300,61,45,0
300,62,45,0
300,63,45,0
300,64,45,0
300,65,45,0
300,66,45,0
300,67,45,0
300,68,45,0
300,69,45,0
300,70,45,0
300,71,45,0
300,72,45,0
300,73,45,0
300,74,45,0
300,75,45,0
300,76,45,0
300,77,45,0
300,78,45,0
300,79,45,0
300,80,45,1
300,81,45,0
300,82,45,0
300,83,45,0
300,84,45,0
300,85,45,0
300,86,45,0
300,87,45,0
300,88,45,0
300,89,45,1
300,90,45,0
300,91,45,0
300,92,45,0
300,93,45,0
300,94,45,0
300,95,45,0
300,96,45,0
300,97,45,0
300,98,45,0
300,99,45,0
300,100,45,0
300,101,45,0
300,102,45,1
300,103,45,0
300,104,45,0
300,105,45,1
300,106,45,0
300,107,45,0
300,108,45,0
300,109,45,0
300,110,45,0
300,111,45,0
300,0,46,0
300,1,46,0
300,2,46,0
300,3,46,0
300,4,46,0
300,5,46,1
300,6,46,0
300,7,46,0
300,8,46,0
300,9,46,0
300,10,46,0
300,11,46,0
300,12,46,0
300,13,46,0
300,14,46,0
300,15,46,0
300,16,46,0
300,17,46,0
300,18,46,0
300,19,46,0
300,20,46,0
300,21,46,0
300,22,46,0
300,23,46,0
300,24,46,0
300,25,46,0
300,26,46,0
300,27,46,1
300,28,46,0
300,29,46,0
300,30,46,1
300,31,46,0
300,32,46,0
300,33,46,0
300,34,46,0
300,35,46,0
300,36,46,0
300,37,46,0
300,38,46,0
300,39,46,0
300,40,46,0
300,41,46,1
300,42,46,1
300,43,46,0
300,44,46,0
300,45,46,0
300,46,46,0
300,47,46,1
300,48,46,1
300,49,46,0
300,50,46,0
300,51,46,0
300,52,46,0
300,53,46,1
300,54,46,0
300,55,46,0
300,56,46,0
300,57,46,0
300,58,46,0
300,59,46,0
300,60,46,0
300,61,46,0
300,62,46,1
300,63,46,0
300,64,46,0
300,65,46,0
300,66,46,0
300,67,46,0
300,68,46,0
300,69,46,0
300,70,46,0
300,71,46,0
300,72,46,0
300,73,46,0
300,74,46,0
300,75,46,0
300,76,46,0
300,77,46,0
300,78,46,0
300,79,46,0
300,80,46,0
300,81,46,0
300,82,46,0
300,83,46,0
300,84,46,0
300,85,46,0
300,86,46,0
300,87,46,0
300,88,46,0
300,89,46,0
300,90,46,0
300,91,46,0
300,92,46,0
300,93,46,0
300,94,46,0
300,95,46,0
300,96,46,0
300,97,46,0
300,98,46,0
300,99,46,1
300,100,46,0
300,101,46,0
300,102,46,0
300,103,46,0
300,104,46,0
300,105,46,0
300,106,46,0
300,107,46,0
300,108,46,0
300,109,46,0
300,110,46,0
300,111,46,0
300,0,47,0
300,1,47,0
300,2,47,0
300,3,47,0
300,4,47,0
300,5,47,0
300,6,47,0
300,7,47,0
300,8,47,0
300,9,47,0
300,10,47,0
300,11,47,1
300,12,47,0
300,13,47,1
300,14,47,0
300,15,47,0
300,16,47,0
300,17,47,0
300,18,47,0
300,19,47,1
300,20,47,0
300,21,47,0
300,22,47,0
300,23,47,0
300,24,47,0
300,25,47,0
300,26,47,0
300,27,47,0
300,28,47,1
300,29,47,0
300,30,47,0
300,31,47,0
300,32,47,1
300,33,47,0
300,34,47,0
300,35,47,0
300,36,47,0
300,37,47,1
300,38,47,0
300,39,47,0
300,40,47,0
300,41,47,0
300,42,47,0
300,43,47,0
300,44,47,0
300,45,47,0
300,46,47,0
300,47,47,0
300,48,47,0
300,49,47,0
300,50,47,0
300,51,47,1
300,52,47,0
300,53,47,0
300,54,47,0
300,55,47,0
300,56,47,0
300,57,47,0
300,58,47,0
300,59,47,0
300,60,47,0
300,61,47,0
300,62,47,0
300,63,47,0
300,64,47,0
300,65,47,0
300,66,47,0
300,67,47,0
300,68,47,0
300,69,47,0
300,70,47,0
300,71,47,0
300,72,47,0
300,73,47,0
300,74,47,0
300,75,47,0
300,76,47,0
300,77,47,0
300,78,47,0
300,79,47,0
300,80,47,1
300,81,47,0
300,82,47,0
300,83,47,0
300,84,47,0
300,85,47,0
300,86,47,0
300,87,47,0
300,88,47,0
300,89,47,1
300,90,47,0
300,91,47,0
300,92,47,0
300,93,47,0
300,94,47,0
300,95,47,0
300,96,47,0
300,97,47,0
300,98,47,0
300,99,47,0
300,100,47,0
300,101,47,0
300,102,47,0
300,103,47,0
300,104,47,0
300,105,47,0
300,106,47,1
300,107,47,0
300,108,47,0
300,109,47,1
300,110,47,0
300,111,47,0
300,0,48,0
300,1,48,0
300,2,48,0
300,3,48,0
300,4,48,0
300,5,48,0
300,6,48,0
300,7,48,0
300,8,48,0
300,9,48,1
300,10,48,0
300,11,48,0
300,12,48,0
300,13,48,0
300,14,48,0
300,15,48,0
300,16,48,0
300,17,48,1
300,18,48,0
300,19,48,0
300,20,48,0
300,21,48,0
300,22,48,0
300,23,48,0
300,24,48,0
300,25,48,0
300,26,48,0
300,27,48,0
300,28,48,0
300,29,48,0
300,30,48,0
300,31,48,0
300,32,48,0
300,33,48,0
300,34,48,0
300,35,48,0
300,36,48,0
300,37,48,0
300,38,48,0
300,39,48,0
300,40,48,0
300,41,48,0
300,42,48,0
300,43,48,1
300,44,48,0
300,45,48,0
300,46,48,0
300,47,48,0
300,48,48,0
300,49,48,0
300,50,48,0
300,51,48,0
300,52,48,1
300,53,48,0
300,54,48,0
300,55,48,0
300,56,48,0
300,57,48,0
300,58,48,0
300,59,48,0
300,60,48,0
300,61,48,0
300,62,48,0
300,63,48,0
300,64,48,0
300,65,48,0
300,66,48,0
300,67,48,0
300,68,48,0
300,69,48,0
300,70,48,0
300,71,48,0
300,72,48,0
300,73,48,0
300,74,48,0
300,75,48,0
300,76,48,0
300,77,48,0
300,78,48,0
300,79,48,0
300,80,48,0
300,81,48,0
300,82,48,0
300,83,48,0
300,84,48,0
300,85,48,0
300,86,48,0
300,87,48,0
300,88,48,0
300,89,48,0
300,90,48,0
300,91,48,0
300,92,48,0
300,93,48,0
300,94,48,0
300,95,48,0
300,96,48,0
300,97,48,0
300,98,48,0
300,99,48,0
300,100,48,0
300,101,48,0
300,102,48,0
300,103,48,0
300,104,48,0
300,105,48,0
300,106,48,0
300,107,48,0
300,108,48,1
300,109,48,0
300,110,48,1
300,111,48,0
300,0,49,0
300,1,49,0
300,2,49,0
300,3,49,0
300,4,49,0
300,5,49,0
300,6,49,0
300,7,49,0
300,8,49,0
300,9,49,0
300,10,49,0
300,11,49,0
300,12,49,0
300,13,49,0
300,14,49,0
300,15,49,0
300,16,49,0
300,17,49,0
300,18,49,1
300,19,49,0
300,20,49,0
300,21,49,0
300,22,49,0
300,23,49,1
300,24,49,0
300,25,49,0
300,26,49,1
300,27,49,0
300,28,49,0
300,29,49,1
300,30,49,0
300,31,49,1
300,32,49,0
300,33,49,1
300,34,49,0
300,35,49,0
300,36,49,0
300,37,49,0
300,38,49,0
300,39,49,0
300,40,49,0
300,41,49,0
300,42,49,0
300,43,49,0
300,44,49,0
300,45,49,0
300,46,49,0
300,47,49,0
300,48,49,0
300,49,49,0
300,50,49,0
300,51,49,0
300,52,49,0
300,53,49,0
300,54,49,0
300,55,49,0
300,56,49,0
300,57,49,0
300,58,49,0
300,59,49,0
300,60,49,0
300,61,49,0
300,62,49,0
300,63,49,0
300,64,49,0
300,65,49,0
300,66,49,0
300,67,49,0
300,68,49,1
300,69,49,0
300,70,49,0
300,71,49,0
300,72,49,0
300,73,49,0
300,74,49,1
300,75,49,0
300,76,49,0
300,77,49,0
300,78,49,0
300,79,49,0
300,80,49,1
300,81,49,0
300,82,49,0
300,83,49,0
300,84,49,0
300,85,49,0
300,86,49,0
300,87,49,0
300,88,49,0
300,89,49,0
300,90,49,0
300,91,49,0
300,92,49,0
300,93,49,0
300,94,49,0
300,95,49,0
300,96,49,0
300,97,49,0
300,98,49,0
300,99,49,0
300,100,49,0
300,101,49,0
300,102,49,0
300,103,49,0
300,104,49,0
300,105,49,0
300,106,49,0
300,107,49,0
300,108,49,0
300,109,49,0
300,110,49,0
300,111,49,0
300,0,50,0
300,1,50,0
300,2,50,0
300,3,50,0
300,4,50,0
300,5,50,0
300,6,50,0
300,7,50,0
300,8,50,0
300,9,50,0
300,10,50,0
300,11,50,0
300,12,50,0
300,13,50,0
300,14,50,0
300,15,50,0
300,16,50,0
300,17,50,0
300,18,50,0
300,19,50,0
300,20,50,0
300,21,50,0
300,22,50,0
300,23,50,1
300,24,50,0
300,25,50,0
300,26,50,1
300,27,50,1
300,28,50,1
300,29,50,1
300,30,50,0
300,31,50,1
300,32,50,0
300,33,50,1
300,34,50,0
300,35,50,0
300,36,50,0
300,37,50,0
300,38,50,0
300,39,50,0
300,40,50,0
300,41,50,0
300,42,50,1
300,43,50,0
300,44,50,0
300,45,50,0
300,46,50,0
300,47,50,0
300,48,50,0
300,49,50,1
300,50,50,0
300,51,50,0
300,52,50,1
300,53,50,1
300,54,50,0
300,55,50,0
300,56,50,0
300,57,50,0
300,58,50,0
300,59,50,0
300,60,50,0
300,61,50,0
300,62,50,0
300,63,50,0
300,64,50,0
300,65,50,0
300,66,50,0
300,67,50,0
300,68,50,0
300,69,50,0
300,70,50,0
300,71,50,0
300,72,50,0
300,73,50,0
300,74,50,0
300,75,50,0
300,76,50,0
300,77,50,0
300,78,50,0
300,79,50,0
300,80,50,0
300,81,50,0
300,82,50,0
300,83,50,0
300,84,50,0
300,85,50,0
300,86,50,0
300,87,50,0
300,88,50,0
300,89,50,0
300,90,50,0
300,91,50,0
300,92,50,0
300,93,50,0
300,94,50,0
300,95,50,0
300,96,50,0
300,97,50,0
300,98,50,0
300,99,50,0
300,100,50,0
300,101,50,0
300,102,50,0
300,103,50,0
300,104,50,0
300,105,50,0
300,106,50,0
300,107,50,0
300,108,50,0
300,109,50,0
300,110,50,0
300,111,50,1
300,0,51,0
300,1,51,0
300,2,51,0
300,3,51,0
300,4,51,0
300,5,51,0
300,6,51,0
300,7,51,0
300,8,51,0
300,9,51,0
300,10,51,0
300,11,51,0
300,12,51,0
300,13,51,0
300,14,51,0
300,15,51,0
300,16,51,0
300,17,51,0
300,18,51,0
300,19,51,1
300,20,51,0
300,21,51,0
300,22,51,0
300,23,51,0
300,24,51,0
300,25,51,0
300,26,51,0
300,27,51,1
300,28,51,0
300,29,51,0
300,30,51,0
300,31,51,0
300,32,51,0
300,33,51,0
300,34,51,0
300,35,51,0
300,36,51,0
300,37,51,0
300,38,51,0
300,39,51,0
300,40,51,0
300,41,51,0
300,42,51,0
300,43,51,0
300,44,51,1
300,45,51,0
300,46,51,0
300,47,51,0
300,48,51,0
300,49,51,0
300,50,51,0
300,51,51,0
300,52,51,0
300,53,51,0
300,54,51,0
300,55,51,0
300,56,51,0
300,57,51,0
300,58,51,0
300,59,51,0
300,60,51,0
300,61,51,0
300,62,51,1
300,63,51,0
300,64,51,0
300,65,51,0
300,66,51,0
300,67,51,0
300,68,51,0
300,69,51,0
300,70,51,0
300,71,51,0
300,72,51,0
300,73,51,0
300,74,51,0
300,75,51,0
300,76,51,0
300,77,51,1
300,78,51,0
300,79,51,0
300,80,51,0
300,81,51,0
300,82,51,0
300,83,51,0
300,84,51,0
300,85,51,0
300,86,51,0
300,87,51,0
300,88,51,0
300,89,51,0
300,90,51,0
300,91,51,0
300,92,51,0
300,93,51,0
300,94,51,0
300,95,51,0
300,96,51,0
300,97,51,0
300,98,51,0
300,99,51,0
300,100,51,0
300,101,51,0
300,102,51,0
300,103,51,0
300,104,51,0
300,105,51,0
300,106,51,0
300,107,51,0
300,108,51,0
300,109,51,0
300,110,51,0
300,111,51,0
300,0,52,0
300,1,52,0
300,2,52,0
300,3,52,0
300,4,52,0
300,5,52,0
300,6,52,0
300,7,52,0
300,8,52,0
300,9,52,0
300,10,52,0
300,11,52,0
300,12,52,0
300,13,52,0
300,14,52,0
300,15,52,0
300,16,52,0
300,17,52,0
300,18,52,0
300,19,52,0
300,20,52,0
300,21,52,0
300,22,52,0
300,23,52,1
300,24,52,0
300,25,52,0
300,26,52,1
300,27,52,0
300,28,52,1
300,29,52,1
300,30,52,0
300,31,52,1
300,32,52,0
300,33,52,1
300,34,52,0
300,35,52,0
300,36,52,0
300,37,52,0
300,38,52,0
300,39,52,0
300,40,52,0
300,41,52,0
300,42,52,0
300,43,52,0
300,44,52,0
300,45,52,0
300,46,52,0
300,47,52,0
300,48,52,0
300,49,52,0
300,50,52,0
300,51,52,0
300,52,52,0
300,53,52,0
300,54,52,0
300,55,52,0
300,56,52,0
300,57,52,0
300,58,52,0
300,59,52,0
300,60,52,0
300,61,52,0
300,62,52,0
300,63,52,0
300,64,52,0
300,65,52,0
300,66,52,1
300,67,52,0
300,68,52,0
300,69,52,0
300,70,52,0
300,71,52,0
300,72,52,0
300,73,52,0
300,74,52,0
300,75,52,0
300,76,52,0
300,77,52,0
300,78,52,0
300,79,52,0
300,80,52,0
300,81,52,0
300,82,52,0
300,83,52,0
300,84,52,0
300,85,52,0
300,86,52,0
300,87,52,0
300,88,52,0
300,89,52,0
300,90,52,1
300,91,52,0
300,92,52,0
300,93,52,0
300,94,52,0
300,95,52,0
300,96,52,0
300,97,52,0
300,98,52,0
300,99,52,0
300,100,52,0
300,101,52,0
300,102,52,0
300,103,52,0
300,104,52,0
300,105,52,0
300,106,52,0
300,107,52,0
300,108,52,0
300,109,52,1
300,110,52,0
300,111,52,0
300,0,53,0
300,1,53,0
300,2,53,0
300,3,53,1
300,4,53,0
300,5,53,0
300,6,53,0
300,7,53,0
300,8,53,0
300,9,53,0
300,10,53,0
300,11,53,0
300,12,53,0
300,13,53,0
300,14,53,0
300,15,53,0
300,16,53,0
300,17,53,0
300,18,53,0
300,19,53,0
300,20,53,1
300,21,53,0
300,22,53,0
300,23,53,0
300,24,53,0
300,25,53,0
300,26,53,0
300,27,53,0
300,28,53,0
300,29,53,0
300,30,53,0
300,31,53,0
300,32,53,0
300,33,53,0
300,34,53,0
300,35,53,0
300,36,53,0
300,37,53,0
300,38,53,0
300,39,53,1
300,40,53,0
300,41,53,0
300,42,53,0
300,43,53,0
300,44,53,0
300,45,53,0
300,46,53,0
300,47,53,0
300,48,53,0
300,49,53,0
300,50,53,0
300,51,53,0
300,52,53,0
300,53,53,0
300,54,53,0
300,55,53,0
300,56,53,0
300,57,53,0
300,58,53,0
300,59,53,0
300,60,53,0
300,61,53,0
300,62,53,0
300,63,53,0
300,64,53,0
300,65,53,0
300,66,53,0
300,67,53,0
300,68,53,0
300,69,53,1
300,70,53,0
300,71,53,0
300,72,53,0
300,73,53,0
300,74,53,0
300,75,53,0
300,76,53,0
300,77,53,1
300,78,53,0
300,79,53,0
300,80,53,0
300,81,53,0
300,82,53,0
300,83,53,0
300,84,53,0
300,85,53,0
300,86,53,1
300,87,53,0
300,88,53,0
300,89,53,0
300,90,53,1
300,91,53,0
300,92,53,0
300,93,53,0
300,94,53,0
300,95,53,0
300,96,53,0
300,97,53,0
300,98,53,0
300,99,53,0
300,100,53,0
300,101,53,0
300,102,53,0
300,103,53,0
300,104,53,0
300,105,53,0
300,106,53,0
300,107,53,0
300,108,53,0
300,109,53,0
300,110,53,0
300,111,53,0
300,0,54,0
300,1,54,0
300,2,54,0
300,3,54,0
300,4,54,0
300,5,54,0
300,6,54,0
300,7,54,0
300,8,54,0
300,9,54,1
300,10,54,0
300,11,54,0
300,12,54,0
300,13,54,0
300,14,54,0
300,15,54,0
300,16,54,0
300,17,54,0
300,18,54,0
300,19,54,1
300,20,54,0
300,21,54,1
300,22,54,0
300,23,54,0
300,24,54,0
300,25,54,0
300,26,54,0
300,27,54,0
300,28,54,0
300,29,54,0
300,30,54,0
300,31,54,0
300,32,54,0
300,33,54,0
300,34,54,0
300,35,54,0
300,36,54,0
300,37,54,0
300,38,54,0
300,39,54,0
300,40,54,0
300,41,54,0
300,42,54,0
300,43,54,0
300,44,54,0
300,45,54,0
300,46,54,0
300,47,54,0
300,48,54,0
300,49,54,0
300,50,54,0
300,51,54,0
300,52,54,0
300,53,54,0
300,54,54,0
300,55,54,0
300,56,54,0
300,57,54,0
300,58,54,0
300,59,54,0
300,60,54,0
300,61,54,0
300,62,54,0
300,63,54,0
300,64,54,0
300,65,54,0
300,66,54,0
300,67,54,0
300,68,54,0
300,69,54,0
300,70,54,0
300,71,54,0
300,72,54,0
300,73,54,0
300,74,54,0
300,75,54,0
300,76,54,0
300,77,54,1
300,78,54,0
300,79,54,0
300,80,54,0
300,81,54,1
300,82,54,0
300,83,54,0
300,84,54,0
300,85,54,0
300,86,54,0
300,87,54,0
300,88,54,0
300,89,54,0
300,90,54,0
300,91,54,0
300,92,54,0
300,93,54,0
300,94,54,1
300,95,54,0
300,96,54,0
300,97,54,0
300,98,54,0
300,99,54,1
300,100,54,1
300,101,54,0
300,102,54,0
300,103,54,0
300,104,54,0
300,105,54,0
300,106,54,0
300,107,54,0
300,108,54,0
300,109,54,0
300,110,54,0
300,111,54,0
300,0,55,0
300,1,55,0
300,2,55,1
300,3,55,0
300,4,55,0
300,5,55,0
300,6,55,0
300,7,55,0
300,8,55,0
300,9,55,0
300,10,55,0
300,11,55,0
300,12,55,0
300,13,55,0
300,14,55,0
300,15,55,0
300,16,55,0
300,17,55,0
300,18,55,0
300,19,55,0
300,20,55,0
300,21,55,0
300,22,55,1
300,23,55,0
300,24,55,0
300,25,55,0
300,26,55,0
300,27,55,0
300,28,55,0
300,29,55,0
300,30,55,0
300,31,55,1
300,32,55,0
300,33,55,0
300,34,55,0
300,35,55,0
300,36,55,0
300,37,55,0
300,38,55,0
300,39,55,0
300,40,55,0
300,41,55,0
300,42,55,0
300,43,55,0
300,44,55,0
300,45,55,0
300,46,55,0
300,47,55,0
300,48,55,0
300,49,55,0
300,50,55,1
300,51,55,0
300,52,55,0
300,53,55,0
300,54,55,0
300,55,55,0
300,56,55,0
300,57,55,0
300,58,55,0
300,59,55,0
300,60,55,0
300,61,55,0
300,62,55,0
300,63,55,0
300,64,55,0
300,65,55,0
300,66,55,0
300,67,55,0
300,68,55,0
300,69,55,0
300,70,55,0
300,71,55,0
300,72,55,0
300,73,55,0
300,74,55,0
300,75,55,0
300,76,55,0
300,77,55,0
300,78,55,0
300,79,55,0
300,80,55,0
300,81,55,0
300,82,55,0
300,83,55,0
300,84,55,0
300,85,55,1
300,86,55,0
300,87,55,0
300,88,55,0
300,89,55,0
300,90,55,0
300,91,55,0
300,92,55,0
300,93,55,0
300,94,55,0
300,95,55,0
300,96,55,0
300,97,55,0
300,98,55,0
300,99,55,0
300,100,55,0
300,101,55,0
300,102,55,0
300,103,55,0
300,104,55,0
300,105,55,0
300,106,55,1
300,107,55,0
300,108,55,0
300,109,55,0
300,110,55,0
300,111,55,0
300,0,56,0
300,1,56,0
300,2,56,0
300,3,56,0
300,4,56,0
300,5,56,0
300,6,56,0
300,7,56,1
300,8,56,0
300,9,56,0
300,10,56,0
300,11,56,0
300,12,56,0
300,13,56,0
300,14,56,0
300,15,56,0
300,16,56,0
300,17,56,0
300,18,56,0
300,19,56,0
300,20,56,0
300,21,56,0
300,22,56,0
300,23,56,0
300,24,56,0
300,25,56,0
300,26,56,0
300,27,56,0
300,28,56,0
300,29,56,0
300,30,56,0
300,31,56,0
300,32,56,0
300,33,56,0
300,34,56,0
300,35,56,0
300,36,56,0
300,37,56,0
300,38,56,0
300,39,56,0
300,40,56,0
300,41,56,0
300,42,56,0
300,43,56,0
300,44,56,0
300,45,56,0
300,46,56,0
300,47,56,0
300,48,56,0
300,49,56,0
300,50,56,0
300,51,56,0
300,52,56,0
300,53,56,0
300,54,56,0
300,55,56,0
300,56,56,0
300,57,56,0
300,58,56,0
300,59,56,0
300,60,56,0
300,61,56,0
300,62,56,0
300,63,56,0
300,64,56,0
300,65,56,0
300,66,56,0
300,67,56,0
300,68,56,0
300,69,56,0
300,70,56,0
300,71,56,0
300,72,56,0
300,73,56,0
300,74,56,0
300,75,56,0
300,76,56,0
300,77,56,0
300,78,56,0
300,79,56,0
300,80,56,0
300,81,56,0
300,82,56,0
300,83,56,0
300,84,56,0
300,85,56,0
300,86,56,0
300,87,56,0
300,88,56,0
300,89,56,0
300,90,56,0
300,91,56,0
300,92,56,0
300,93,56,0
300,94,56,0
300,95,56,0
300,96,56,0
300,97,56,0
300,98,56,0
300,99,56,0
300,100,56,0
300,101,56,0
300,102,56,0
300,103,56,0
300,104,56,0
300,105,56,1
300,106,56,0
300,107,56,0
300,108,56,0
300,109,56,0
300,110,56,0
300,111,56,0
300,0,57,0
300,1,57,0
300,2,57,0
300,3,57,0
300,4,57,0
300,5,57,0
300,6,57,0
300,7,57,0
300,8,57,0
300,9,57,0
300,10,57,0
300,11,57,0
300,12,57,0
300,13,57,0
300,14,57,0
300,15,57,0
300,16,57,0
300,17,57,0
300,18,57,0
300,19,57,0
300,20,57,0
300,21,57,0
300,22,57,0
300,23,57,0
300,24,57,0
300,25,57,0
300,26,57,0
300,27,57,0
300,28,57,0
300,29,57,0
300,30,57,0
300,31,57,0
300,32,57,0
300,33,57,0
300,34,57,0
300,35,57,0
300,36,57,0
300,37,57,0
300,38,57,0
300,39,57,0
300,40,57,0
300,41,57,0
300,42,57,0
300,43,57,0
300,44,57,0
300,45,57,0
300,46,57,0
300,47,57,0
300,48,57,0
300,49,57,0
300,50,57,0
300,51,57,0
300,52,57,0
300,53,57,0
300,54,57,0
300,55,57,0
300,56,57,0
300,57,57,0
300,58,57,0
300,59,57,0
300,60,57,0
300,61,57,0
300,62,57,0
300,63,57,0
300,64,57,0
300,65,57,0
300,66,57,0
300,67,57,0
300,68,57,0
300,69,57,0
300,70,57,0
300,71,57,0
300,72,57,0
300,73,57,0
300,74,57,0
300,75,57,0
300,76,57,0
300,77,57,0
300,78,57,0
300,79,57,0
300,80,57,0
300,81,57,0
300,82,57,0
300,83,57,0
300,84,57,0
300,85,57,0
300,86,57,0
300,87,57,0
300,88,57,0
300,89,57,0
300,90,57,0
300,91,57,0
300,92,57,0
300,93,57,0
300,94,57,0
300,95,57,0
300,96,57,0
300,97,57,0
300,98,57,0
300,99,57,0
300,100,57,0
300,101,57,0
300,102,57,0
300,103,57,0
300,104,57,0
300,105,57,0
300,106,57,0
300,107,57,0
300,108,57,0
300,109,57,0
300,110,57,0
300,111,57,0
300,0,58,0
300,1,58,0
300,2,58,0
300,3,58,0
300,4,58,0
300,5,58,0
300,6,58,0
300,7,58,0
300,8,58,0
300,9,58,0
300,10,58,0
300,11,58,0
300,12,58,0
300,13,58,0
300,14,58,0
300,15,58,0
300,16,58,0
300,17,58,0
300,18,58,0
300,19,58,0
300,20,58,0
300,21,58,0
300,22,58,0
300,23,58,0
300,24,58,0
300,25,58,0
300,26,58,0
300,27,58,0
300,28,58,0
300,29,58,1
300,30,58,0
300,31,58,0
300,32,58,0
300,33,58,0
300,34,58,0
300,35,58,0
300,36,58,0
300,37,58,1
300,38,58,0
300,39,58,0
300,40,58,0
300,41,58,0
300,42,58,0
300,43,58,0
300,44,58,0
300,45,58,0
300,46,58,0
300,47,58,1
300,48,58,0
300,49,58,0
300,50,58,0
300,51,58,0
300,52,58,0
300,53,58,0
300,54,58,0
300,55,58,0
300,56,58,0
300,57,58,0
300,58,58,0
300,59,58,0
300,60,58,0
300,61,58,0
300,62,58,0
300,63,58,0
300,64,58,1
300,65,58,0
300,66,58,1
300,67,58,0
300,68,58,0
300,69,58,0
300,70,58,0
300,71,58,0
300,72,58,0
300,73,58,0
300,74,58,0
300,75,58,0
300,76,58,0
300,77,58,0
300,78,58,0
300,79,58,0
300,80,58,0
300,81,58,0
300,82,58,0
300,83,58,0
300,84,58,0
300,85,58,0
300,86,58,0
300,87,58,0
300,88,58,0
300,89,58,0
300,90,58,0
300,91,58,0
300,92,58,1
300,93,58,0
300,94,58,0
300,95,58,0
300,96,58,0
300,97,58,0
300,98,58,0
300,99,58,0
300,100,58,0
300,101,58,0
300,102,58,0
300,103,58,0
300,104,58,0
300,105,58,1
300,106,58,0
300,107,58,0
300,108,58,0
300,109,58,0
300,110,58,0
300,111,58,0
300,0,59,0
300,1,59,0
300,2,59,0
300,3,59,0
300,4,59,0
300,5,59,0
300,6,59,0
300,7,59,0
300,8,59,0
300,9,59,0
300,10,59,0
300,11,59,0
300,12,59,0
300,13,59,0
300,14,59,0
300,15,59,0
300,16,59,0
300,17,59,0
300,18,59,0
300,19,59,0
300,20,59,0
300,21,59,0
300,22,59,0
300,23,59,0
300,24,59,0
300,25,59,0
300,26,59,0
300,27,59,0
300,28,59,0
300,29,59,0
300,30,59,0
300,31,59,0
300,32,59,1
300,33,59,0
300,34,59,0
300,35,59,0
300,36,59,0
300,37,59,0
300,38,59,0
300,39,59,1
300,40,59,0
300,41,59,0
300,42,59,1
300,43,59,0
300,44,59,0
300,45,59,0
300,46,59,0
300,47,59,0
300,48,59,0
300,49,59,1
300,50,59,0
300,51,59,0
300,52,59,0
300,53,59,0
300,54,59,0
300,55,59,0
300,56,59,0
300,57,59,0
300,58,59,0
300,59,59,0
300,60,59,1
300,61,59,0
300,62,59,0
300,63,59,0
300,64,59,0
300,65,59,0
300,66,59,0
300,67,59,0
300,68,59,0
300,69,59,0
300,70,59,0
300,71,59,0
300,72,59,0
300,73,59,0
300,74,59,0
300,75,59,0
300,76,59,0
300,77,59,0
300,78,59,0
300,79,59,0
300,80,59,0
300,81,59,0
300,82,59,0
300,83,59,0
300,84,59,0
300,85,59,0
300,86,59,0
300,87,59,0
300,88,59,0
300,89,59,0
300,90,59,0
300,91,59,0
300,92,59,0
300,93,59,0
300,94,59,0
300,95,59,0
300,96,59,0
300,97,59,0
300,98,59,0
300,99,59,0
300,100,59,0
300,101,59,0
300,102,59,0
300,103,59,0
300,104,59,0
300,105,59,0
300,106,59,0
300,107,59,0
300,108,59,0
300,109,59,0
300,110,59,0
300,111,59,0
300,0,60,0
300,1,60,0
300,2,60,0
300,3,60,0
300,4,60,0
300,5,60,0
300,6,60,0
300,7,60,0
300,8,60,0
300,9,60,1
300,10,60,0
300,11,60,0
300,12,60,0
300,13,60,0
300,14,60,0
300,15,60,0
300,16,60,0
300,17,60,0
300,18,60,0
300,19,60,0
300,20,60,0
300,21,60,0
300,22,60,0
300,23,60,0
300,24,60,0
300,25,60,0
300,26,60,0
300,27,60,0
300,28,60,1
300,29,60,0
300,30,60,0
300,31,60,0
300,32,60,0
300,33,60,0
300,34,60,0
300,35,60,0
300,36,60,0
300,37,60,0
300,38,60,0
300,39,60,0
300,40,60,0
300,41,60,0
300,42,60,0
300,43,60,0
300,44,60,0
300,45,60,0
300,46,60,0
300,47,60,0
300,48,60,0
300,49,60,0
300,50,60,0
300,51,60,0
300,52,60,0
300,53,60,0
300,54,60,0
300,55,60,0
300,56,60,0
300,57,60,0
300,58,60,0
300,59,60,0
300,60,60,0
300,61,60,0
300,62,60,0
300,63,60,0
300,64,60,0
300,65,60,0
300,66,60,0
300,67,60,0
300,68,60,0
300,69,60,0
300,70,60,0
300,71,60,0
300,72,60,0
300,73,60,0
300,74,60,1
300,75,60,0
300,76,60,0
300,77,60,0
300,78,60,1
300,79,60,0
300,80,60,0
300,81,60,1
300,82,60,0
300,83,60,0
300,84,60,0
300,85,60,0
300,86,60,0
300,87,60,0
300,88,60,0
300,89,60,0
300,90,60,0
300,91,60,0
300,92,60,0
300,93,60,0
300,94,60,0
300,95,60,0
300,96,60,0
300,97,60,0
300,98,60,0
300,99,60,1
300,100,60,0
300,101,60,1
300,102,60,0
300,103,60,0
300,104,60,0
300,105,60,0
300,106,60,0
300,107,60,0
300,108,60,0
300,109,60,0
300,110,60,0
300,111,60,0
300,0,61,0
300,1,61,0
300,2,61,0
300,3,61,0
300,4,61,0
300,5,61,1
300,6,61,0
300,7,61,0
300,8,61,0
300,9,61,0
300,10,61,0
300,11,61,0
300,12,61,0
300,13,61,0
300,14,61,0
300,15,61,0
300,16,61,0
300,17,61,0
300,18,61,0
300,19,61,0
300,20,61,0
300,21,61,0
300,22,61,0
300,23,61,0
300,24,61,0
300,25,61,0
300,26,61,0
300,27,61,0
300,28,61,0
300,29,61,0
300,30,61,0
300,31,61,0
300,32,61,0
300,33,61,0
300,34,61,0
300,35,61,0
300,36,61,0
300,37,61,0
300,38,61,0
300,39,61,0
300,40,61,0
300,41,61,0
300,42,61,0
300,43,61,0
300,44,61,0
300,45,61,0
300,46,61,0
300,47,61,0
300,48,61,0
300,49,61,0
300,50,61,0
300,51,61,0
300,52,61,0
300,53,61,0
300,54,61,0
300,55,61,0
300,56,61,0
300,57,61,1
300,58,61,0
300,59,61,0
300,60,61,0
300,61,61,0
300,62,61,0
300,63,61,0
300,64,61,0
300,65,61,1
300,66,61,0
300,67,61,0
300,68,61,0
300,69,61,0
300,70,61,0
300,71,61,1
300,72,61,0
300,73,61,0
300,74,61,0
300,75,61,0
300,76,61,0
300,77,61,0
300,78,61,0
300,79,61,1
300,80,61,0
300,81,61,0
300,82,61,0
300,83,61,0
300,84,61,0
300,85,61,0
300,86,61,0
300,87,61,0
300,88,61,0
300,89,61,0
300,90,61,0
300,91,61,0
300,92,61,0
300,93,61,0
300,94,61,0
300,95,61,0
300,96,61,0
300,97,61,0
300,98,61,0
300,99,61,0
300,100,61,0
300,101,61,0
300,102,61,0
300,103,61,0
300,104,61,0
300,105,61,0
300,106,61,0
300,107,61,0
300,108,61,0
300,109,61,0
300,110,61,0
300,111,61,0
300,0,62,0
300,1,62,0
300,2,62,0
300,3,62,0
300,4,62,0
300,5,62,0
300,6,62,0
300,7,62,1
300,8,62,0
300,9,62,0
300,10,62,0
300,11,62,0
300,12,62,0
300,13,62,0
300,14,62,0
300,15,62,0
300,16,62,0
300,17,62,0
300,18,62,0
300,19,62,0
300,20,62,0
300,21,62,0
300,22,62,0
300,23,62,0
300,24,62,0
300,25,62,0
300,26,62,0
300,27,62,0
300,28,62,0
300,29,62,0
300,30,62,0
300,31,62,0
300,32,62,0
300,33,62,1
300,34,62,0
300,35,62,0
300,36,62,0
300,37,62,0
300,38,62,0
300,39,62,0
300,40,62,0
300,41,62,0
300,42,62,0
300,43,62,0
300,44,62,0
300,45,62,0
300,46,62,0
300,47,62,0
300,48,62,0
300,49,62,0
300,50,62,0
300,51,62,0
300,52,62,0
300,53,62,0
300,54,62,0
300,55,62,0
300,56,62,0
300,57,62,0
300,58,62,0
300,59,62,0
300,60,62,0
300,61,62,0
300,62,62,1
300,63,62,0
300,64,62,0
300,65,62,0
300,66,62,0
300,67,62,0
300,68,62,1
300,69,62,0
300,70,62,0
300,71,62,0
300,72,62,0
300,73,62,0
300,74,62,0
300,75,62,1
300,76,62,0
300,77,62,0
300,78,62,0
300,79,62,0
300,80,62,1
300,81,62,0
300,82,62,1
300,83,62,0
300,84,62,0
300,85,62,0
300,86,62,0
300,87,62,0
300,88,62,0
300,89,62,0
300,90,62,0
300,91,62,0
300,92,62,0
300,93,62,0
300,94,62,0
300,95,62,0
300,96,62,0
300,97,62,0
300,98,62,0
300,99,62,1
300,100,62,0
300,101,62,0
300,102,62,0
300,103,62,0
300,104,62,0
300,105,62,0
300,106,62,0
300,107,62,0
300,108,62,0
300,109,62,0
300,110,62,0
300,111,62,0
300,0,63,0
300,1,63,0
300,2,63,0
300,3,63,0
300,4,63,0
300,5,63,0
300,6,63,0
300,7,63,0
300,8,63,0
300,9,63,0
300,10,63,1
300,11,63,0
300,12,63,0
300,13,63,0
300,14,63,0
300,15,63,0
300,16,63,0
300,17,63,0
300,18,63,0
300,19,63,0
300,20,63,0
300,21,63,0
300,22,63,0
300,23,63,0
300,24,63,0
300,25,63,0
300,26,63,0
300,27,63,0
300,28,63,0
300,29,63,1
300,30,63,0
300,31,63,0
300,32,63,0
300,33,63,0
300,34,63,0
300,35,63,0
300,36,63,0
300,37,63,0
300,38,63,0
300,39,63,0
300,40,63,0
300,41,63,0
300,42,63,0
300,43,63,0
300,44,63,0
300,45,63,0
300,46,63,0
300,47,63,0
300,48,63,0
300,49,63,0
300,50,63,0
300,51,63,0
300,52,63,0
300,53,63,0
300,54,63,0
300,55,63,0
300,56,63,0
300,57,63,1
300,58,63,0
300,59,63,0
300,60,63,0
300,61,63,0
300,62,63,0
300,63,63,0
300,64,63,0
300,65,63,0
300,66,63,0
300,67,63,0
300,68,63,0
300,69,63,0
300,70,63,0
300,71,63,0
300,72,63,0
300,73,63,0
300,74,63,0
300,75,63,0
300,76,63,0
300,77,63,0
300,78,63,1
300,79,63,0
300,80,63,0
300,81,63,0
300,82,63,0
300,83,63,0
300,84,63,0
300,85,63,1
300,86,63,0
300,87,63,0
300,88,63,1
300,89,63,0
300,90,63,0
300,91,63,0
300,92,63,0
300,93,63,0
300,94,63,0
300,95,63,0
300,96,63,0
300,97,63,0
300,98,63,0
300,99,63,0
300,100,63,0
300,101,63,0
300,102,63,0
300,103,63,0
300,104,63,0
300,105,63,0
300,106,63,0
300,107,63,0
300,108,63,1
300,109,63,0
300,110,63,0
300,111,63,0
300,0,64,0
300,1,64,0
300,2,64,0
300,3,64,0
300,4,64,0
300,5,64,0
300,6,64,0
300,7,64,0
300,8,64,1
300,9,64,0
300,10,64,1
300,11,64,0
300,12,64,0
300,13,64,0
300,14,64,0
300,15,64,0
300,16,64,0
300,17,64,0
300,18,64,0
300,19,64,0
300,20,64,0
300,21,64,0
300,22,64,1
300,23,64,0
300,24,64,0
300,25,64,1
300,26,64,0
300,27,64,0
300,28,64,0
300,29,64,0
300,30,64,1
300,31,64,0
300,32,64,0
300,33,64,0
300,34,64,0
300,35,64,0
300,36,64,0
300,37,64,0
300,38,64,0
300,39,64,0
300,40,64,0
300,41,64,0
300,42,64,0
300,43,64,0
300,44,64,0
300,45,64,0
300,46,64,0
300,47,64,0
300,48,64,0
300,49,64,0
300,50,64,0
300,51,64,0
300,52,64,1
300,53,64,0
300,54,64,0
300,55,64,0
300,56,64,0
300,57,64,0
300,58,64,0
300,59,64,0
300,60,64,0
300,61,64,0
300,62,64,0
300,63,64,0
300,64,64,0
300,65,64,0
300,66,64,0
300,67,64,0
300,68,64,0
300,69,64,0
300,70,64,0
300,71,64,0
300,72,64,0
300,73,64,0
300,74,64,0
300,75,64,0
300,76,64,0
300,77,64,0
300,78,64,0
300,79,64,0
300,80,64,0
300,81,64,0
300,82,64,0
300,83,64,0
300,84,64,0
300,85,64,0
300,86,64,0
300,87,64,0
300,88,64,0
300,89,64,0
300,90,64,0
300,91,64,0
300,92,64,1
300,93,64,0
300,94,64,0
300,95,64,0
300,96,64,0
300,97,64,0
300,98,64,0
300,99,64,0
300,100,64,0
300,101,64,0
300,102,64,0
300,103,64,0
300,104,64,1
300,105,64,0
300,106,64,0
300,107,64,0
300,108,64,0
300,109,64,0
300,110,64,0
300,111,64,0
300,0,65,0
300,1,65,0
300,2,65,0
300,3,65,0
300,4,65,0
300,5,65,0
300,6,65,0
300,7,65,1
300,8,65,0
300,9,65,0
300,10,65,0
300,11,65,0
300,12,65,0
300,13,65,0
300,14,65,0
300,15,65,0
300,16,65,0
300,17,65,1
300,18,65,0
300,19,65,0
300,20,65,0
300,21,65,0
300,22,65,0
300,23,65,0
300,24,65,0
300,25,65,0
300,26,65,0
300,27,65,1
300,28,65,0
300,29,65,0
300,30,65,0
300,31,65,0
300,32,65,0
300,33,65,0
300,34,65,0
300,35,65,0
300,36,65,0
300,37,65,0
300,38,65,0
300,39,65,0
300,40,65,0
300,41,65,0
300,42,65,0
300,43,65,0
300,44,65,0
300,45,65,0
300,46,65,0
300,47,65,0
300,48,65,0
300,49,65,0
300,50,65,0
300,51,65,0
300,52,65,0
300,53,65,1
300,54,65,0
300,55,65,0
300,56,65,0
300,57,65,0
300,58,65,0
300,59,65,0
300,60,65,0
300,61,65,0
300,62,65,0
300,63,65,0
300,64,65,0
300,65,65,0
300,66,65,0
300,67,65,0
300,68,65,0
300,69,65,0
300,70,65,0
300,71,65,0
300,72,65,0
300,73,65,0
300,74,65,0
300,75,65,0
300,76,65,0
300,77,65,0
300,78,65,0
300,79,65,0
300,80,65,0
300,81,65,0
300,82,65,0
300,83,65,0
300,84,65,0
300,85,65,0
300,86,65,0
300,87,65,0
300,88,65,0
300,89,65,0
300,90,65,0
300,91,65,0
300,92,65,0
300,93,65,0
300,94,65,0
300,95,65,0
300,96,65,0
300,97,65,0
300,98,65,0
300,99,65,0
300,100,65,0
300,101,65,0
300,102,65,1
300,103,65,0
300,104,65,0
300,105,65,0
300,106,65,0
300,107,65,0
300,108,65,0
300,109,65,0
300,110,65,0
300,111,65,0
300,0,66,0
300,1,66,0
300,2,66,0
300,3,66,0
300,4,66,0
300,5,66,0
300,6,66,0
300,7,66,0
300,8,66,1
300,9,66,0
300,10,66,0
300,11,66,1
300,12,66,0
300,13,66,0
300,14,66,0
300,15,66,0
300,16,66,0
300,17,66,0
300,18,66,1
300,19,66,0
300,20,66,0
300,21,66,0
300,22,66,1
300,23,66,0
300,24,66,0
300,25,66,0
300,26,66,0
300,27,66,0
300,28,66,0
300,29,66,0
300,30,66,0
300,31,66,0
300,32,66,0
300,33,66,0
300,34,66,0
300,35,66,0
300,36,66,0
300,37,66,0
300,38,66,0
300,39,66,0
300,40,66,0
300,41,66,0
300,42,66,1
300,43,66,0
300,44,66,0
300,45,66,0
300,46,66,0
300,47,66,0
300,48,66,0
300,49,66,0
300,50,66,0
300,51,66,0
300,52,66,0
300,53,66,0
300,54,66,0
300,55,66,0
300,56,66,0
300,57,66,0
300,58,66,0
300,59,66,0
300,60,66,0
300,61,66,0
300,62,66,0
300,63,66,0
300,64,66,0
300,65,66,0
300,66,66,0
300,67,66,0
300,68,66,0
300,69,66,0
300,70,66,0
300,71,66,0
300,72,66,0
300,73,66,1
300,74,66,0
300,75,66,0
300,76,66,0
300,77,66,0
300,78,66,0
300,79,66,0
300,80,66,1
300,81,66,0
300,82,66,0
300,83,66,0
300,84,66,0
300,85,66,0
300,86,66,0
300,87,66,0
300,88,66,0
300,89,66,1
300,90,66,0
300,91,66,0
300,92,66,0
300,93,66,0
300,94,66,0
300,95,66,0
300,96,66,0
300,97,66,0
300,98,66,0
300,99,66,0
300,100,66,0
300,101,66,0
300,102,66,1
300,103,66,0
300,104,66,0
300,105,66,0
300,106,66,0
300,107,66,0
300,108,66,0
300,109,66,0
300,110,66,0
300,111,66,0
300,0,67,0
300,1,67,0
300,2,67,0
300,3,67,0
300,4,67,0
300,5,67,0
300,6,67,0
300,7,67,0
300,8,67,0
300,9,67,0
300,10,67,0
300,11,67,0
300,12,67,0
300,13,67,0
300,14,67,0
300,15,67,0
300,16,67,0
300,17,67,0
300,18,67,0
300,19,67,0
300,20,67,0
300,21,67,0
300,22,67,0
300,23,67,0
300,24,67,0
300,25,67,0
300,26,67,0
300,27,67,0
300,28,67,0
300,29,67,0
300,30,67,1
300,31,67,0
300,32,67,0
300,33,67,0
300,34,67,0
300,35,67,0
300,36,67,0
300,37,67,0
300,38,67,0
300,39,67,0
300,40,67,0
300,41,67,0
300,42,67,1
300,43,67,0
300,44,67,0
300,45,67,0
300,46,67,0
300,47,67,0
300,48,67,0
300,49,67,0
300,50,67,0
300,51,67,0
300,52,67,0
300,53,67,0
300,54,67,0
300,55,67,0
300,56,67,1
300,57,67,0
300,58,67,0
300,59,67,0
300,60,67,1
300,61,67,0
300,62,67,0
300,63,67,1
300,64,67,0
300,65,67,0
300,66,67,0
300,67,67,0
300,68,67,0
300,69,67,0
300,70,67,0
300,71,67,0
300,72,67,0
300,73,67,0
300,74,67,0
300,75,67,0
300,76,67,0
300,77,67,0
300,78,67,0
300,79,67,0
300,80,67,0
300,81,67,0
300,82,67,1
300,83,67,0
300,84,67,0
300,85,67,0
300,86,67,0
300,87,67,0
300,88,67,0
300,89,67,0
300,90,67,0
300,91,67,0
300,92,67,0
300,93,67,0
300,94,67,0
300,95,67,0
300,96,67,0
300,97,67,0
300,98,67,0
300,99,67,0
300,100,67,0
300,101,67,0
300,102,67,1
300,103,67,0
300,104,67,0
300,105,67,0
300,106,67,0
300,107,67,0
300,108,67,0
300,109,67,0
300,110,67,0
300,111,67,0
300,0,68,0
300,1,68,0
300,2,68,0
300,3,68,0
300,4,68,0
300,5,68,0
300,6,68,0
300,7,68,0
300,8,68,0
300,9,68,0
300,10,68,0
300,11,68,0
300,12,68,0
300,13,68,0
300,14,68,0
300,15,68,0
300,16,68,0
300,17,68,0
300,18,68,0
300,19,68,0
300,20,68,0
300,21,68,0
300,22,68,0
300,23,68,0
300,24,68,0
300,25,68,0
300,26,68,0
300,27,68,0
300,28,68,0
300,29,68,0
300,30,68,0
300,31,68,0
300,32,68,0
300,33,68,0
300,34,68,0
300,35,68,0
300,36,68,0
300,37,68,0
300,38,68,0
300,39,68,0
300,40,68,0
300,41,68,0
300,42,68,0
300,43,68,0
300,44,68,0
300,45,68,0
300,46,68,1
300,47,68,0
300,48,68,0
300,49,68,0
300,50,68,0
300,51,68,0
300,52,68,0
300,53,68,0
300,54,68,0
300,55,68,0
300,56,68,0
300,57,68,0
300,58,68,0
300,59,68,0
300,60,68,0
300,61,68,0
300,62,68,0
300,63,68,0
300,64,68,0
300,65,68,0
300,66,68,1
300,67,68,0
300,68,68,0
300,69,68,0
300,70,68,0
300,71,68,0
300,72,68,0
300,73,68,0
300,74,68,1
300,75,68,0
300,76,68,0
300,77,68,0
300,78,68,0
300,79,68,0
300,80,68,0
300,81,68,0
300,82,68,0
300,83,68,0
300,84,68,0
300,85,68,0
300,86,68,0
300,87,68,0
300,88,68,0
300,89,68,0
300,90,68,0
300,91,68,0
300,92,68,0
300,93,68,0
300,94,68,0
300,95,68,0
300,96,68,0
300,97,68,0
300,98,68,0
300,99,68,0
300,100,68,0
300,101,68,0
300,102,68,0
300,103,68,0
300,104,68,0
300,105,68,0
300,106,68,0
300,107,68,0
300,108,68,0
300,109,68,0
300,110,68,0
300,111,68,0
