IMG_ID,PIXEL_X,PIXEL_Y,PIXEL_COLOR
1168,0,0,0
1168,1,0,0
1168,2,0,0
1168,3,0,1
1168,4,0,0
1168,5,0,0
1168,6,0,0
1168,7,0,0
1168,8,0,0
1168,9,0,0
1168,10,0,0
1168,11,0,0
1168,12,0,0
1168,13,0,0
1168,14,0,0
1168,15,0,0
1168,16,0,0
1168,17,0,0
1168,18,0,0
1168,19,0,0
1168,20,0,0
1168,21,0,0
1168,22,0,0
1168,23,0,0
1168,24,0,0
1168,25,0,0
1168,26,0,0
1168,27,0,0
1168,28,0,0
1168,29,0,0
1168,30,0,0
1168,31,0,0
1168,32,0,0
1168,33,0,0
1168,34,0,0
1168,35,0,0
1168,36,0,0
1168,37,0,0
1168,38,0,0
1168,39,0,0
1168,40,0,0
1168,41,0,0
1168,42,0,0
1168,43,0,0
1168,44,0,0
1168,45,0,0
1168,46,0,0
1168,47,0,0
1168,48,0,0
1168,49,0,1
1168,50,0,0
1168,51,0,0
1168,52,0,0
1168,53,0,0
1168,54,0,0
1168,55,0,0
1168,56,0,0
1168,57,0,0
1168,58,0,0
1168,59,0,0
1168,60,0,0
1168,61,0,0
1168,62,0,0
1168,63,0,0
1168,64,0,0
1168,65,0,0
1168,66,0,0
1168,67,0,1
1168,68,0,0
1168,69,0,0
1168,70,0,0
1168,71,0,0
1168,72,0,0
1168,73,0,0
1168,74,0,0
1168,75,0,0
1168,76,0,0
1168,77,0,0
1168,78,0,0
1168,79,0,0
1168,80,0,0
1168,81,0,0
1168,82,0,0
1168,83,0,0
1168,84,0,0
1168,85,0,0
1168,86,0,0
1168,87,0,0
1168,88,0,0
1168,89,0,0
1168,90,0,0
1168,91,0,0
1168,92,0,0
1168,93,0,0
1168,94,0,0
1168,95,0,0
1168,96,0,0
1168,97,0,0
1168,98,0,0
1168,99,0,0
1168,100,0,0
1168,101,0,0
1168,102,0,0
1168,103,0,0
1168,104,0,0
1168,105,0,0
1168,106,0,0
1168,107,0,0
1168,108,0,0
1168,109,0,0
1168,110,0,0
1168,111,0,0
1168,0,1,0
1168,1,1,0
1168,2,1,0
1168,3,1,0
1168,4,1,0
1168,5,1,0
1168,6,1,0
1168,7,1,0
1168,8,1,1
1168,9,1,0
1168,10,1,0
1168,11,1,0
1168,12,1,0
1168,13,1,0
1168,14,1,0
1168,15,1,0
1168,16,1,0
1168,17,1,0
1168,18,1,0
1168,19,1,0
1168,20,1,0
1168,21,1,1
1168,22,1,0
1168,23,1,0
1168,24,1,0
1168,25,1,0
1168,26,1,0
1168,27,1,0
1168,28,1,0
1168,29,1,0
1168,30,1,0
1168,31,1,0
1168,32,1,0
1168,33,1,0
1168,34,1,0
1168,35,1,0
1168,36,1,0
1168,37,1,0
1168,38,1,0
1168,39,1,0
1168,40,1,0
1168,41,1,0
1168,42,1,0
1168,43,1,0
1168,44,1,0
1168,45,1,0
1168,46,1,0
1168,47,1,0
1168,48,1,0
1168,49,1,0
1168,50,1,0
1168,51,1,0
1168,52,1,0
1168,53,1,0
1168,54,1,0
1168,55,1,0
1168,56,1,0
1168,57,1,1
1168,58,1,0
1168,59,1,0
1168,60,1,0
1168,61,1,0
1168,62,1,0
1168,63,1,0
1168,64,1,0
1168,65,1,0
1168,66,1,0
1168,67,1,0
1168,68,1,0
1168,69,1,0
1168,70,1,0
1168,71,1,1
1168,72,1,0
1168,73,1,0
1168,74,1,0
1168,75,1,0
1168,76,1,1
1168,77,1,0
1168,78,1,0
1168,79,1,1
1168,80,1,0
1168,81,1,0
1168,82,1,0
1168,83,1,0
1168,84,1,0
1168,85,1,0
1168,86,1,0
1168,87,1,0
1168,88,1,0
1168,89,1,1
1168,90,1,0
1168,91,1,0
1168,92,1,0
1168,93,1,0
1168,94,1,0
1168,95,1,0
1168,96,1,0
1168,97,1,0
1168,98,1,0
1168,99,1,0
1168,100,1,0
1168,101,1,0
1168,102,1,0
1168,103,1,1
1168,104,1,0
1168,105,1,0
1168,106,1,0
1168,107,1,0
1168,108,1,0
1168,109,1,0
1168,110,1,0
1168,111,1,0
1168,0,2,0
1168,1,2,0
1168,2,2,0
1168,3,2,0
1168,4,2,0
1168,5,2,0
1168,6,2,0
1168,7,2,0
1168,8,2,1
1168,9,2,0
1168,10,2,0
1168,11,2,0
1168,12,2,0
1168,13,2,0
1168,14,2,0
1168,15,2,0
1168,16,2,0
1168,17,2,0
1168,18,2,0
1168,19,2,0
1168,20,2,0
1168,21,2,0
1168,22,2,0
1168,23,2,0
1168,24,2,0
1168,25,2,0
1168,26,2,0
1168,27,2,0
1168,28,2,0
1168,29,2,0
1168,30,2,0
1168,31,2,0
1168,32,2,0
1168,33,2,0
1168,34,2,0
1168,35,2,0
1168,36,2,0
1168,37,2,0
1168,38,2,0
1168,39,2,0
1168,40,2,0
1168,41,2,0
1168,42,2,1
1168,43,2,0
1168,44,2,0
1168,45,2,0
1168,46,2,0
1168,47,2,0
1168,48,2,0
1168,49,2,0
1168,50,2,0
1168,51,2,0
1168,52,2,1
1168,53,2,0
1168,54,2,0
1168,55,2,0
1168,56,2,0
1168,57,2,0
1168,58,2,0
1168,59,2,0
1168,60,2,0
1168,61,2,0
1168,62,2,0
1168,63,2,0
1168,64,2,0
1168,65,2,0
1168,66,2,0
1168,67,2,0
1168,68,2,0
1168,69,2,0
1168,70,2,0
1168,71,2,0
1168,72,2,0
1168,73,2,1
1168,74,2,0
1168,75,2,0
1168,76,2,0
1168,77,2,0
1168,78,2,0
1168,79,2,0
1168,80,2,0
1168,81,2,0
1168,82,2,0
1168,83,2,0
1168,84,2,0
1168,85,2,0
1168,86,2,0
1168,87,2,0
1168,88,2,0
1168,89,2,0
1168,90,2,0
1168,91,2,0
1168,92,2,1
1168,93,2,0
1168,94,2,0
1168,95,2,0
1168,96,2,0
1168,97,2,0
1168,98,2,0
1168,99,2,0
1168,100,2,0
1168,101,2,0
1168,102,2,0
1168,103,2,0
1168,104,2,0
1168,105,2,0
1168,106,2,0
1168,107,2,0
1168,108,2,0
1168,109,2,0
1168,110,2,0
1168,111,2,0
1168,0,3,0
1168,1,3,0
1168,2,3,0
1168,3,3,0
1168,4,3,0
1168,5,3,0
1168,6,3,0
1168,7,3,0
1168,8,3,0
1168,9,3,0
1168,10,3,0
1168,11,3,0
1168,12,3,0
1168,13,3,0
1168,14,3,0
1168,15,3,0
1168,16,3,0
1168,17,3,0
1168,18,3,0
1168,19,3,0
1168,20,3,0
1168,21,3,0
1168,22,3,0
1168,23,3,0
1168,24,3,0
1168,25,3,0
1168,26,3,0
1168,27,3,0
1168,28,3,0
1168,29,3,0
1168,30,3,0
1168,31,3,0
1168,32,3,0
1168,33,3,0
1168,34,3,0
1168,35,3,0
1168,36,3,0
1168,37,3,0
1168,38,3,0
1168,39,3,0
1168,40,3,0
1168,41,3,0
1168,42,3,0
1168,43,3,1
1168,44,3,0
1168,45,3,0
1168,46,3,0
1168,47,3,0
1168,48,3,0
1168,49,3,0
1168,50,3,0
1168,51,3,0
1168,52,3,0
1168,53,3,0
1168,54,3,0
1168,55,3,0
1168,56,3,0
1168,57,3,0
1168,58,3,0
1168,59,3,0
1168,60,3,0
1168,61,3,0
1168,62,3,0
1168,63,3,0
1168,64,3,0
1168,65,3,0
1168,66,3,1
1168,67,3,1
1168,68,3,0
1168,69,3,0
1168,70,3,0
1168,71,3,0
1168,72,3,0
1168,73,3,0
1168,74,3,0
1168,75,3,0
1168,76,3,0
1168,77,3,0
1168,78,3,0
1168,79,3,0
1168,80,3,0
1168,81,3,0
1168,82,3,0
1168,83,3,0
1168,84,3,0
1168,85,3,0
1168,86,3,1
1168,87,3,0
1168,88,3,0
1168,89,3,0
1168,90,3,0
1168,91,3,0
1168,92,3,0
1168,93,3,0
1168,94,3,1
1168,95,3,0
1168,96,3,0
1168,97,3,0
1168,98,3,1
1168,99,3,0
1168,100,3,0
1168,101,3,0
1168,102,3,0
1168,103,3,0
1168,104,3,0
1168,105,3,0
1168,106,3,0
1168,107,3,0
1168,108,3,0
1168,109,3,0
1168,110,3,0
1168,111,3,0
1168,0,4,0
1168,1,4,0
1168,2,4,0
1168,3,4,0
1168,4,4,0
1168,5,4,0
1168,6,4,0
1168,7,4,0
1168,8,4,0
1168,9,4,0
1168,10,4,0
1168,11,4,0
1168,12,4,0
1168,13,4,0
1168,14,4,0
1168,15,4,0
1168,16,4,0
1168,17,4,0
1168,18,4,0
1168,19,4,0
1168,20,4,0
1168,21,4,0
1168,22,4,0
1168,23,4,0
1168,24,4,0
1168,25,4,0
1168,26,4,0
1168,27,4,0
1168,28,4,0
1168,29,4,0
1168,30,4,0
1168,31,4,0
1168,32,4,0
1168,33,4,0
1168,34,4,0
1168,35,4,0
1168,36,4,0
1168,37,4,0
1168,38,4,0
1168,39,4,0
1168,40,4,0
1168,41,4,0
1168,42,4,0
1168,43,4,0
1168,44,4,0
1168,45,4,0
1168,46,4,0
1168,47,4,0
1168,48,4,0
1168,49,4,0
1168,50,4,0
1168,51,4,0
1168,52,4,0
1168,53,4,0
1168,54,4,0
1168,55,4,0
1168,56,4,0
1168,57,4,0
1168,58,4,0
1168,59,4,0
1168,60,4,0
1168,61,4,0
1168,62,4,0
1168,63,4,0
1168,64,4,1
1168,65,4,0
1168,66,4,0
1168,67,4,0
1168,68,4,0
1168,69,4,0
1168,70,4,0
1168,71,4,0
1168,72,4,0
1168,73,4,0
1168,74,4,0
1168,75,4,0
1168,76,4,0
1168,77,4,1
1168,78,4,0
1168,79,4,0
1168,80,4,0
1168,81,4,0
1168,82,4,0
1168,83,4,0
1168,84,4,0
1168,85,4,0
1168,86,4,0
1168,87,4,0
1168,88,4,0
1168,89,4,0
1168,90,4,0
1168,91,4,0
1168,92,4,0
1168,93,4,0
1168,94,4,1
1168,95,4,0
1168,96,4,0
1168,97,4,0
1168,98,4,0
1168,99,4,0
1168,100,4,0
1168,101,4,0
1168,102,4,0
1168,103,4,0
1168,104,4,0
1168,105,4,0
1168,106,4,0
1168,107,4,0
1168,108,4,0
1168,109,4,0
1168,110,4,0
1168,111,4,0
1168,0,5,0
1168,1,5,0
1168,2,5,0
1168,3,5,1
1168,4,5,0
1168,5,5,0
1168,6,5,0
1168,7,5,0
1168,8,5,0
1168,9,5,0
1168,10,5,0
1168,11,5,0
1168,12,5,0
1168,13,5,0
1168,14,5,0
1168,15,5,0
1168,16,5,0
1168,17,5,0
1168,18,5,0
1168,19,5,0
1168,20,5,0
1168,21,5,0
1168,22,5,0
1168,23,5,0
1168,24,5,0
1168,25,5,0
1168,26,5,0
1168,27,5,0
1168,28,5,0
1168,29,5,0
1168,30,5,0
1168,31,5,0
1168,32,5,0
1168,33,5,0
1168,34,5,0
1168,35,5,0
1168,36,5,0
1168,37,5,0
1168,38,5,0
1168,39,5,0
1168,40,5,0
1168,41,5,0
1168,42,5,0
1168,43,5,0
1168,44,5,0
1168,45,5,0
1168,46,5,0
1168,47,5,1
1168,48,5,0
1168,49,5,0
1168,50,5,0
1168,51,5,0
1168,52,5,0
1168,53,5,0
1168,54,5,0
1168,55,5,0
1168,56,5,0
1168,57,5,0
1168,58,5,0
1168,59,5,0
1168,60,5,0
1168,61,5,0
1168,62,5,0
1168,63,5,0
1168,64,5,0
1168,65,5,0
1168,66,5,0
1168,67,5,0
1168,68,5,0
1168,69,5,0
1168,70,5,0
1168,71,5,0
1168,72,5,0
1168,73,5,0
1168,74,5,0
1168,75,5,0
1168,76,5,0
1168,77,5,0
1168,78,5,0
1168,79,5,1
1168,80,5,0
1168,81,5,0
1168,82,5,0
1168,83,5,0
1168,84,5,0
1168,85,5,0
1168,86,5,0
1168,87,5,0
1168,88,5,0
1168,89,5,0
1168,90,5,0
1168,91,5,0
1168,92,5,0
1168,93,5,0
1168,94,5,0
1168,95,5,0
1168,96,5,0
1168,97,5,0
1168,98,5,0
1168,99,5,0
1168,100,5,0
1168,101,5,0
1168,102,5,0
1168,103,5,0
1168,104,5,0
1168,105,5,0
1168,106,5,0
1168,107,5,0
1168,108,5,0
1168,109,5,0
1168,110,5,0
1168,111,5,0
1168,0,6,0
1168,1,6,0
1168,2,6,0
1168,3,6,0
1168,4,6,0
1168,5,6,0
1168,6,6,0
1168,7,6,0
1168,8,6,0
1168,9,6,0
1168,10,6,0
1168,11,6,0
1168,12,6,0
1168,13,6,0
1168,14,6,0
1168,15,6,0
1168,16,6,0
1168,17,6,0
1168,18,6,0
1168,19,6,0
1168,20,6,0
1168,21,6,0
1168,22,6,0
1168,23,6,0
1168,24,6,0
1168,25,6,0
1168,26,6,0
1168,27,6,0
1168,28,6,0
1168,29,6,0
1168,30,6,1
1168,31,6,1
1168,32,6,0
1168,33,6,0
1168,34,6,0
1168,35,6,0
1168,36,6,0
1168,37,6,1
1168,38,6,0
1168,39,6,1
1168,40,6,1
1168,41,6,0
1168,42,6,0
1168,43,6,1
1168,44,6,0
1168,45,6,0
1168,46,6,0
1168,47,6,0
1168,48,6,0
1168,49,6,0
1168,50,6,0
1168,51,6,0
1168,52,6,0
1168,53,6,0
1168,54,6,0
1168,55,6,0
1168,56,6,0
1168,57,6,0
1168,58,6,0
1168,59,6,0
1168,60,6,0
1168,61,6,0
1168,62,6,0
1168,63,6,0
1168,64,6,0
1168,65,6,0
1168,66,6,0
1168,67,6,0
1168,68,6,0
1168,69,6,0
1168,70,6,0
1168,71,6,0
1168,72,6,0
1168,73,6,0
1168,74,6,0
1168,75,6,0
1168,76,6,0
1168,77,6,0
1168,78,6,0
1168,79,6,0
1168,80,6,0
1168,81,6,1
1168,82,6,0
1168,83,6,0
1168,84,6,0
1168,85,6,1
1168,86,6,0
1168,87,6,0
1168,88,6,0
1168,89,6,0
1168,90,6,0
1168,91,6,0
1168,92,6,0
1168,93,6,0
1168,94,6,0
1168,95,6,0
1168,96,6,0
1168,97,6,0
1168,98,6,0
1168,99,6,0
1168,100,6,0
1168,101,6,0
1168,102,6,0
1168,103,6,0
1168,104,6,0
1168,105,6,0
1168,106,6,0
1168,107,6,0
1168,108,6,0
1168,109,6,0
1168,110,6,0
1168,111,6,0
1168,0,7,0
1168,1,7,0
1168,2,7,0
1168,3,7,0
1168,4,7,0
1168,5,7,0
1168,6,7,0
1168,7,7,0
1168,8,7,0
1168,9,7,0
1168,10,7,0
1168,11,7,0
1168,12,7,0
1168,13,7,0
1168,14,7,0
1168,15,7,0
1168,16,7,0
1168,17,7,0
1168,18,7,0
1168,19,7,0
1168,20,7,0
1168,21,7,0
1168,22,7,1
1168,23,7,1
1168,24,7,0
1168,25,7,0
1168,26,7,0
1168,27,7,0
1168,28,7,0
1168,29,7,0
1168,30,7,0
1168,31,7,0
1168,32,7,0
1168,33,7,0
1168,34,7,0
1168,35,7,0
1168,36,7,0
1168,37,7,0
1168,38,7,0
1168,39,7,1
1168,40,7,1
1168,41,7,0
1168,42,7,0
1168,43,7,0
1168,44,7,0
1168,45,7,0
1168,46,7,0
1168,47,7,0
1168,48,7,0
1168,49,7,0
1168,50,7,1
1168,51,7,0
1168,52,7,0
1168,53,7,0
1168,54,7,0
1168,55,7,0
1168,56,7,0
1168,57,7,0
1168,58,7,0
1168,59,7,0
1168,60,7,0
1168,61,7,0
1168,62,7,0
1168,63,7,0
1168,64,7,0
1168,65,7,0
1168,66,7,0
1168,67,7,0
1168,68,7,0
1168,69,7,0
1168,70,7,0
1168,71,7,0
1168,72,7,0
1168,73,7,0
1168,74,7,0
1168,75,7,0
1168,76,7,0
1168,77,7,0
1168,78,7,0
1168,79,7,0
1168,80,7,0
1168,81,7,0
1168,82,7,1
1168,83,7,0
1168,84,7,0
1168,85,7,0
1168,86,7,0
1168,87,7,0
1168,88,7,0
1168,89,7,0
1168,90,7,0
1168,91,7,0
1168,92,7,0
1168,93,7,0
1168,94,7,0
1168,95,7,0
1168,96,7,0
1168,97,7,0
1168,98,7,0
1168,99,7,0
1168,100,7,0
1168,101,7,0
1168,102,7,0
1168,103,7,0
1168,104,7,0
1168,105,7,0
1168,106,7,1
1168,107,7,1
1168,108,7,0
1168,109,7,0
1168,110,7,0
1168,111,7,0
1168,0,8,0
1168,1,8,0
1168,2,8,0
1168,3,8,0
1168,4,8,0
1168,5,8,0
1168,6,8,0
1168,7,8,0
1168,8,8,0
1168,9,8,0
1168,10,8,0
1168,11,8,0
1168,12,8,0
1168,13,8,0
1168,14,8,0
1168,15,8,0
1168,16,8,0
1168,17,8,0
1168,18,8,0
1168,19,8,0
1168,20,8,0
1168,21,8,0
1168,22,8,0
1168,23,8,0
1168,24,8,0
1168,25,8,0
1168,26,8,0
1168,27,8,0
1168,28,8,0
1168,29,8,0
1168,30,8,0
1168,31,8,0
1168,32,8,0
1168,33,8,0
1168,34,8,0
1168,35,8,0
1168,36,8,1
1168,37,8,0
1168,38,8,0
1168,39,8,0
1168,40,8,0
1168,41,8,0
1168,42,8,0
1168,43,8,0
1168,44,8,0
1168,45,8,0
1168,46,8,0
1168,47,8,0
1168,48,8,0
1168,49,8,0
1168,50,8,0
1168,51,8,0
1168,52,8,0
1168,53,8,0
1168,54,8,0
1168,55,8,0
1168,56,8,0
1168,57,8,0
1168,58,8,0
1168,59,8,0
1168,60,8,0
1168,61,8,0
1168,62,8,0
1168,63,8,0
1168,64,8,0
1168,65,8,0
1168,66,8,0
1168,67,8,0
1168,68,8,0
1168,69,8,0
1168,70,8,1
1168,71,8,0
1168,72,8,0
1168,73,8,0
1168,74,8,0
1168,75,8,0
1168,76,8,0
1168,77,8,0
1168,78,8,0
1168,79,8,0
1168,80,8,0
1168,81,8,0
1168,82,8,0
1168,83,8,0
1168,84,8,0
1168,85,8,0
1168,86,8,0
1168,87,8,0
1168,88,8,0
1168,89,8,0
1168,90,8,0
1168,91,8,0
1168,92,8,0
1168,93,8,0
1168,94,8,0
1168,95,8,0
1168,96,8,0
1168,97,8,0
1168,98,8,0
1168,99,8,0
1168,100,8,1
1168,101,8,0
1168,102,8,0
1168,103,8,0
1168,104,8,0
1168,105,8,0
1168,106,8,0
1168,107,8,0
1168,108,8,0
1168,109,8,0
1168,110,8,0
1168,111,8,0
1168,0,9,0
1168,1,9,0
1168,2,9,0
1168,3,9,0
1168,4,9,0
1168,5,9,0
1168,6,9,0
1168,7,9,0
1168,8,9,0
1168,9,9,0
1168,10,9,0
1168,11,9,0
1168,12,9,0
1168,13,9,0
1168,14,9,0
1168,15,9,0
1168,16,9,0
1168,17,9,0
1168,18,9,0
1168,19,9,0
1168,20,9,0
1168,21,9,0
1168,22,9,0
1168,23,9,0
1168,24,9,0
1168,25,9,0
1168,26,9,0
1168,27,9,0
1168,28,9,0
1168,29,9,0
1168,30,9,0
1168,31,9,0
1168,32,9,0
1168,33,9,1
1168,34,9,0
1168,35,9,0
1168,36,9,0
1168,37,9,0
1168,38,9,0
1168,39,9,0
1168,40,9,0
1168,41,9,0
1168,42,9,0
1168,43,9,0
1168,44,9,0
1168,45,9,0
1168,46,9,1
1168,47,9,0
1168,48,9,0
1168,49,9,0
1168,50,9,0
1168,51,9,0
1168,52,9,0
1168,53,9,0
1168,54,9,0
1168,55,9,0
1168,56,9,1
1168,57,9,0
1168,58,9,1
1168,59,9,0
1168,60,9,0
1168,61,9,1
1168,62,9,0
1168,63,9,0
1168,64,9,0
1168,65,9,0
1168,66,9,0
1168,67,9,0
1168,68,9,0
1168,69,9,0
1168,70,9,0
1168,71,9,0
1168,72,9,0
1168,73,9,0
1168,74,9,0
1168,75,9,0
1168,76,9,0
1168,77,9,0
1168,78,9,0
1168,79,9,0
1168,80,9,0
1168,81,9,0
1168,82,9,0
1168,83,9,0
1168,84,9,0
1168,85,9,0
1168,86,9,0
1168,87,9,0
1168,88,9,0
1168,89,9,0
1168,90,9,0
1168,91,9,0
1168,92,9,0
1168,93,9,0
1168,94,9,0
1168,95,9,1
1168,96,9,0
1168,97,9,0
1168,98,9,0
1168,99,9,0
1168,100,9,0
1168,101,9,0
1168,102,9,0
1168,103,9,0
1168,104,9,0
1168,105,9,0
1168,106,9,0
1168,107,9,0
1168,108,9,0
1168,109,9,0
1168,110,9,0
1168,111,9,0
1168,0,10,0
1168,1,10,0
1168,2,10,0
1168,3,10,0
1168,4,10,0
1168,5,10,0
1168,6,10,0
1168,7,10,0
1168,8,10,0
1168,9,10,0
1168,10,10,0
1168,11,10,0
1168,12,10,1
1168,13,10,0
1168,14,10,0
1168,15,10,0
1168,16,10,0
1168,17,10,0
1168,18,10,0
1168,19,10,0
1168,20,10,0
1168,21,10,0
1168,22,10,0
1168,23,10,0
1168,24,10,0
1168,25,10,0
1168,26,10,0
1168,27,10,0
1168,28,10,0
1168,29,10,0
1168,30,10,0
1168,31,10,0
1168,32,10,0
1168,33,10,0
1168,34,10,0
1168,35,10,0
1168,36,10,0
1168,37,10,0
1168,38,10,0
1168,39,10,0
1168,40,10,0
1168,41,10,0
1168,42,10,0
1168,43,10,0
1168,44,10,0
1168,45,10,0
1168,46,10,0
1168,47,10,0
1168,48,10,0
1168,49,10,0
1168,50,10,0
1168,51,10,0
1168,52,10,0
1168,53,10,0
1168,54,10,0
1168,55,10,0
1168,56,10,0
1168,57,10,0
1168,58,10,1
1168,59,10,0
1168,60,10,0
1168,61,10,0
1168,62,10,0
1168,63,10,0
1168,64,10,0
1168,65,10,0
1168,66,10,0
1168,67,10,0
1168,68,10,0
1168,69,10,0
1168,70,10,0
1168,71,10,0
1168,72,10,0
1168,73,10,0
1168,74,10,0
1168,75,10,0
1168,76,10,0
1168,77,10,0
1168,78,10,0
1168,79,10,0
1168,80,10,0
1168,81,10,0
1168,82,10,1
1168,83,10,1
1168,84,10,0
1168,85,10,0
1168,86,10,0
1168,87,10,0
1168,88,10,0
1168,89,10,0
1168,90,10,0
1168,91,10,0
1168,92,10,0
1168,93,10,0
1168,94,10,0
1168,95,10,1
1168,96,10,0
1168,97,10,0
1168,98,10,0
1168,99,10,0
1168,100,10,1
1168,101,10,0
1168,102,10,0
1168,103,10,0
1168,104,10,0
1168,105,10,0
1168,106,10,1
1168,107,10,0
1168,108,10,0
1168,109,10,0
1168,110,10,0
1168,111,10,0
1168,0,11,0
1168,1,11,0
1168,2,11,0
1168,3,11,0
1168,4,11,0
1168,5,11,0
1168,6,11,0
1168,7,11,0
1168,8,11,0
1168,9,11,0
1168,10,11,0
1168,11,11,0
1168,12,11,0
1168,13,11,0
1168,14,11,0
1168,15,11,0
1168,16,11,0
1168,17,11,0
1168,18,11,0
1168,19,11,0
1168,20,11,0
1168,21,11,0
1168,22,11,0
1168,23,11,0
1168,24,11,0
1168,25,11,0
1168,26,11,0
1168,27,11,0
1168,28,11,0
1168,29,11,0
1168,30,11,0
1168,31,11,0
1168,32,11,0
1168,33,11,0
1168,34,11,0
1168,35,11,0
1168,36,11,0
1168,37,11,0
1168,38,11,0
1168,39,11,1
1168,40,11,0
1168,41,11,0
1168,42,11,0
1168,43,11,0
1168,44,11,0
1168,45,11,0
1168,46,11,0
1168,47,11,0
1168,48,11,1
1168,49,11,0
1168,50,11,0
1168,51,11,0
1168,52,11,0
1168,53,11,0
1168,54,11,1
1168,55,11,0
1168,56,11,0
1168,57,11,0
1168,58,11,0
1168,59,11,0
1168,60,11,0
1168,61,11,0
1168,62,11,0
1168,63,11,0
1168,64,11,0
1168,65,11,0
1168,66,11,0
1168,67,11,0
1168,68,11,0
1168,69,11,0
1168,70,11,0
1168,71,11,0
1168,72,11,0
1168,73,11,0
1168,74,11,0
1168,75,11,0
1168,76,11,0
1168,77,11,0
1168,78,11,0
1168,79,11,0
1168,80,11,0
1168,81,11,0
1168,82,11,0
1168,83,11,0
1168,84,11,0
1168,85,11,0
1168,86,11,0
1168,87,11,0
1168,88,11,0
1168,89,11,0
1168,90,11,0
1168,91,11,0
1168,92,11,0
1168,93,11,0
1168,94,11,0
1168,95,11,0
1168,96,11,0
1168,97,11,0
1168,98,11,1
1168,99,11,0
1168,100,11,0
1168,101,11,0
1168,102,11,0
1168,103,11,0
1168,104,11,0
1168,105,11,0
1168,106,11,0
1168,107,11,0
1168,108,11,0
1168,109,11,0
1168,110,11,0
1168,111,11,0
1168,0,12,0
1168,1,12,0
1168,2,12,0
1168,3,12,0
1168,4,12,0
1168,5,12,0
1168,6,12,0
1168,7,12,1
1168,8,12,0
1168,9,12,0
1168,10,12,0
1168,11,12,0
1168,12,12,0
1168,13,12,1
1168,14,12,0
1168,15,12,0
1168,16,12,0
1168,17,12,0
1168,18,12,0
1168,19,12,0
1168,20,12,1
1168,21,12,0
1168,22,12,0
1168,23,12,0
1168,24,12,0
1168,25,12,0
1168,26,12,0
1168,27,12,0
1168,28,12,0
1168,29,12,0
1168,30,12,0
1168,31,12,0
1168,32,12,0
1168,33,12,0
1168,34,12,0
1168,35,12,0
1168,36,12,0
1168,37,12,0
1168,38,12,0
1168,39,12,0
1168,40,12,0
1168,41,12,0
1168,42,12,0
1168,43,12,0
1168,44,12,0
1168,45,12,0
1168,46,12,0
1168,47,12,0
1168,48,12,0
1168,49,12,0
1168,50,12,0
1168,51,12,0
1168,52,12,0
1168,53,12,0
1168,54,12,0
1168,55,12,0
1168,56,12,0
1168,57,12,0
1168,58,12,0
1168,59,12,0
1168,60,12,0
1168,61,12,0
1168,62,12,0
1168,63,12,0
1168,64,12,0
1168,65,12,0
1168,66,12,0
1168,67,12,0
1168,68,12,0
1168,69,12,0
1168,70,12,0
1168,71,12,0
1168,72,12,0
1168,73,12,0
1168,74,12,0
1168,75,12,0
1168,76,12,0
1168,77,12,0
1168,78,12,0
1168,79,12,0
1168,80,12,0
1168,81,12,0
1168,82,12,0
1168,83,12,0
1168,84,12,0
1168,85,12,0
1168,86,12,0
1168,87,12,0
1168,88,12,0
1168,89,12,0
1168,90,12,0
1168,91,12,0
1168,92,12,0
1168,93,12,0
1168,94,12,0
1168,95,12,0
1168,96,12,0
1168,97,12,0
1168,98,12,0
1168,99,12,0
1168,100,12,0
1168,101,12,0
1168,102,12,0
1168,103,12,0
1168,104,12,0
1168,105,12,0
1168,106,12,0
1168,107,12,0
1168,108,12,0
1168,109,12,0
1168,110,12,0
1168,111,12,0
1168,0,13,0
1168,1,13,0
1168,2,13,0
1168,3,13,0
1168,4,13,0
1168,5,13,0
1168,6,13,0
1168,7,13,0
1168,8,13,0
1168,9,13,0
1168,10,13,0
1168,11,13,0
1168,12,13,0
1168,13,13,1
1168,14,13,0
1168,15,13,0
1168,16,13,0
1168,17,13,1
1168,18,13,0
1168,19,13,0
1168,20,13,0
1168,21,13,0
1168,22,13,0
1168,23,13,1
1168,24,13,0
1168,25,13,0
1168,26,13,1
1168,27,13,0
1168,28,13,1
1168,29,13,1
1168,30,13,0
1168,31,13,0
1168,32,13,0
1168,33,13,0
1168,34,13,0
1168,35,13,0
1168,36,13,0
1168,37,13,0
1168,38,13,0
1168,39,13,0
1168,40,13,0
1168,41,13,0
1168,42,13,0
1168,43,13,0
1168,44,13,0
1168,45,13,0
1168,46,13,0
1168,47,13,0
1168,48,13,0
1168,49,13,0
1168,50,13,0
1168,51,13,0
1168,52,13,0
1168,53,13,0
1168,54,13,0
1168,55,13,0
1168,56,13,0
1168,57,13,0
1168,58,13,0
1168,59,13,0
1168,60,13,0
1168,61,13,0
1168,62,13,0
1168,63,13,1
1168,64,13,0
1168,65,13,0
1168,66,13,0
1168,67,13,0
1168,68,13,0
1168,69,13,0
1168,70,13,0
1168,71,13,0
1168,72,13,0
1168,73,13,0
1168,74,13,0
1168,75,13,0
1168,76,13,0
1168,77,13,0
1168,78,13,0
1168,79,13,0
1168,80,13,0
1168,81,13,0
1168,82,13,1
1168,83,13,0
1168,84,13,0
1168,85,13,0
1168,86,13,0
1168,87,13,0
1168,88,13,0
1168,89,13,0
1168,90,13,0
1168,91,13,0
1168,92,13,0
1168,93,13,0
1168,94,13,0
1168,95,13,0
1168,96,13,0
1168,97,13,0
1168,98,13,0
1168,99,13,0
1168,100,13,0
1168,101,13,0
1168,102,13,0
1168,103,13,0
1168,104,13,0
1168,105,13,0
1168,106,13,0
1168,107,13,1
1168,108,13,0
1168,109,13,0
1168,110,13,0
1168,111,13,0
1168,0,14,0
1168,1,14,1
1168,2,14,0
1168,3,14,0
1168,4,14,0
1168,5,14,0
1168,6,14,0
1168,7,14,0
1168,8,14,1
1168,9,14,0
1168,10,14,0
1168,11,14,0
1168,12,14,0
1168,13,14,1
1168,14,14,0
1168,15,14,0
1168,16,14,0
1168,17,14,0
1168,18,14,0
1168,19,14,0
1168,20,14,0
1168,21,14,0
1168,22,14,0
1168,23,14,0
1168,24,14,0
1168,25,14,0
1168,26,14,0
1168,27,14,0
1168,28,14,0
1168,29,14,0
1168,30,14,0
1168,31,14,0
1168,32,14,0
1168,33,14,0
1168,34,14,0
1168,35,14,0
1168,36,14,0
1168,37,14,0
1168,38,14,0
1168,39,14,0
1168,40,14,0
1168,41,14,0
1168,42,14,0
1168,43,14,0
1168,44,14,0
1168,45,14,0
1168,46,14,0
1168,47,14,0
1168,48,14,0
1168,49,14,0
1168,50,14,0
1168,51,14,0
1168,52,14,0
1168,53,14,0
1168,54,14,0
1168,55,14,0
1168,56,14,0
1168,57,14,0
1168,58,14,0
1168,59,14,0
1168,60,14,0
1168,61,14,0
1168,62,14,0
1168,63,14,0
1168,64,14,0
1168,65,14,0
1168,66,14,0
1168,67,14,0
1168,68,14,0
1168,69,14,0
1168,70,14,0
1168,71,14,0
1168,72,14,0
1168,73,14,0
1168,74,14,0
1168,75,14,0
1168,76,14,0
1168,77,14,0
1168,78,14,0
1168,79,14,1
1168,80,14,0
1168,81,14,0
1168,82,14,0
1168,83,14,0
1168,84,14,1
1168,85,14,0
1168,86,14,0
1168,87,14,0
1168,88,14,0
1168,89,14,1
1168,90,14,0
1168,91,14,0
1168,92,14,0
1168,93,14,0
1168,94,14,0
1168,95,14,0
1168,96,14,0
1168,97,14,0
1168,98,14,0
1168,99,14,0
1168,100,14,0
1168,101,14,0
1168,102,14,0
1168,103,14,0
1168,104,14,0
1168,105,14,1
1168,106,14,0
1168,107,14,0
1168,108,14,0
1168,109,14,0
1168,110,14,0
1168,111,14,0
1168,0,15,0
1168,1,15,0
1168,2,15,0
1168,3,15,0
1168,4,15,0
1168,5,15,0
1168,6,15,0
1168,7,15,0
1168,8,15,0
1168,9,15,0
1168,10,15,0
1168,11,15,0
1168,12,15,0
1168,13,15,0
1168,14,15,0
1168,15,15,0
1168,16,15,0
1168,17,15,0
1168,18,15,0
1168,19,15,0
1168,20,15,0
1168,21,15,0
1168,22,15,0
1168,23,15,0
1168,24,15,0
1168,25,15,0
1168,26,15,0
1168,27,15,0
1168,28,15,0
1168,29,15,0
1168,30,15,0
1168,31,15,0
1168,32,15,0
1168,33,15,0
1168,34,15,0
1168,35,15,1
1168,36,15,0
1168,37,15,0
1168,38,15,0
1168,39,15,0
1168,40,15,0
1168,41,15,0
1168,42,15,0
1168,43,15,0
1168,44,15,0
1168,45,15,0
1168,46,15,0
1168,47,15,0
1168,48,15,0
1168,49,15,0
1168,50,15,0
1168,51,15,0
1168,52,15,0
1168,53,15,0
1168,54,15,0
1168,55,15,0
1168,56,15,0
1168,57,15,0
1168,58,15,0
1168,59,15,0
1168,60,15,0
1168,61,15,0
1168,62,15,0
1168,63,15,0
1168,64,15,0
1168,65,15,0
1168,66,15,0
1168,67,15,0
1168,68,15,0
1168,69,15,0
1168,70,15,0
1168,71,15,0
1168,72,15,0
1168,73,15,0
1168,74,15,0
1168,75,15,0
1168,76,15,0
1168,77,15,0
1168,78,15,0
1168,79,15,0
1168,80,15,0
1168,81,15,0
1168,82,15,0
1168,83,15,0
1168,84,15,0
1168,85,15,0
1168,86,15,0
1168,87,15,0
1168,88,15,0
1168,89,15,0
1168,90,15,0
1168,91,15,0
1168,92,15,0
1168,93,15,1
1168,94,15,0
1168,95,15,0
1168,96,15,0
1168,97,15,0
1168,98,15,0
1168,99,15,0
1168,100,15,0
1168,101,15,0
1168,102,15,0
1168,103,15,0
1168,104,15,0
1168,105,15,0
1168,106,15,0
1168,107,15,0
1168,108,15,0
1168,109,15,0
1168,110,15,0
1168,111,15,0
1168,0,16,0
1168,1,16,0
1168,2,16,0
1168,3,16,0
1168,4,16,0
1168,5,16,0
1168,6,16,0
1168,7,16,0
1168,8,16,0
1168,9,16,0
1168,10,16,0
1168,11,16,0
1168,12,16,0
1168,13,16,0
1168,14,16,0
1168,15,16,0
1168,16,16,0
1168,17,16,0
1168,18,16,0
1168,19,16,0
1168,20,16,1
1168,21,16,0
1168,22,16,0
1168,23,16,0
1168,24,16,0
1168,25,16,0
1168,26,16,0
1168,27,16,0
1168,28,16,0
1168,29,16,0
1168,30,16,0
1168,31,16,0
1168,32,16,1
1168,33,16,0
1168,34,16,0
1168,35,16,0
1168,36,16,0
1168,37,16,0
1168,38,16,0
1168,39,16,0
1168,40,16,0
1168,41,16,0
1168,42,16,0
1168,43,16,0
1168,44,16,0
1168,45,16,0
1168,46,16,0
1168,47,16,0
1168,48,16,0
1168,49,16,0
1168,50,16,0
1168,51,16,0
1168,52,16,0
1168,53,16,0
1168,54,16,0
1168,55,16,0
1168,56,16,0
1168,57,16,0
1168,58,16,0
1168,59,16,0
1168,60,16,0
1168,61,16,0
1168,62,16,0
1168,63,16,0
1168,64,16,0
1168,65,16,0
1168,66,16,0
1168,67,16,0
1168,68,16,0
1168,69,16,0
1168,70,16,0
1168,71,16,0
1168,72,16,0
1168,73,16,0
1168,74,16,0
1168,75,16,0
1168,76,16,0
1168,77,16,0
1168,78,16,0
1168,79,16,0
1168,80,16,0
1168,81,16,0
1168,82,16,0
1168,83,16,0
1168,84,16,0
1168,85,16,0
1168,86,16,0
1168,87,16,0
1168,88,16,0
1168,89,16,0
1168,90,16,0
1168,91,16,0
1168,92,16,0
1168,93,16,0
1168,94,16,0
1168,95,16,0
1168,96,16,0
1168,97,16,0
1168,98,16,0
1168,99,16,0
1168,100,16,0
1168,101,16,0
1168,102,16,0
1168,103,16,0
1168,104,16,0
1168,105,16,0
1168,106,16,0
1168,107,16,0
1168,108,16,0
1168,109,16,0
1168,110,16,0
1168,111,16,0
1168,0,17,0
1168,1,17,0
1168,2,17,0
1168,3,17,0
1168,4,17,0
1168,5,17,0
1168,6,17,0
1168,7,17,0
1168,8,17,0
1168,9,17,0
1168,10,17,0
1168,11,17,0
1168,12,17,0
1168,13,17,0
1168,14,17,0
1168,15,17,0
1168,16,17,0
1168,17,17,0
1168,18,17,0
1168,19,17,0
1168,20,17,0
1168,21,17,0
1168,22,17,0
1168,23,17,0
1168,24,17,0
1168,25,17,0
1168,26,17,0
1168,27,17,0
1168,28,17,0
1168,29,17,1
1168,30,17,0
1168,31,17,0
1168,32,17,0
1168,33,17,0
1168,34,17,0
1168,35,17,1
1168,36,17,0
1168,37,17,0
1168,38,17,1
1168,39,17,0
1168,40,17,0
1168,41,17,0
1168,42,17,0
1168,43,17,0
1168,44,17,0
1168,45,17,0
1168,46,17,0
1168,47,17,0
1168,48,17,0
1168,49,17,0
1168,50,17,0
1168,51,17,0
1168,52,17,0
1168,53,17,0
1168,54,17,0
1168,55,17,0
1168,56,17,0
1168,57,17,0
1168,58,17,0
1168,59,17,0
1168,60,17,0
1168,61,17,0
1168,62,17,0
1168,63,17,0
1168,64,17,0
1168,65,17,1
1168,66,17,0
1168,67,17,0
1168,68,17,0
1168,69,17,0
1168,70,17,0
1168,71,17,0
1168,72,17,0
1168,73,17,0
1168,74,17,0
1168,75,17,0
1168,76,17,0
1168,77,17,0
1168,78,17,0
1168,79,17,0
1168,80,17,0
1168,81,17,0
1168,82,17,0
1168,83,17,0
1168,84,17,0
1168,85,17,0
1168,86,17,0
1168,87,17,1
1168,88,17,0
1168,89,17,0
1168,90,17,0
1168,91,17,0
1168,92,17,0
1168,93,17,0
1168,94,17,0
1168,95,17,1
1168,96,17,0
1168,97,17,0
1168,98,17,0
1168,99,17,0
1168,100,17,0
1168,101,17,0
1168,102,17,0
1168,103,17,0
1168,104,17,0
1168,105,17,0
1168,106,17,0
1168,107,17,0
1168,108,17,0
1168,109,17,0
1168,110,17,0
1168,111,17,0
1168,0,18,1
1168,1,18,0
1168,2,18,0
1168,3,18,0
1168,4,18,0
1168,5,18,0
1168,6,18,0
1168,7,18,0
1168,8,18,0
1168,9,18,0
1168,10,18,0
1168,11,18,0
1168,12,18,0
1168,13,18,0
1168,14,18,0
1168,15,18,0
1168,16,18,0
1168,17,18,0
1168,18,18,0
1168,19,18,0
1168,20,18,0
1168,21,18,0
1168,22,18,0
1168,23,18,0
1168,24,18,0
1168,25,18,0
1168,26,18,0
1168,27,18,0
1168,28,18,0
1168,29,18,0
1168,30,18,0
1168,31,18,0
1168,32,18,0
1168,33,18,1
1168,34,18,1
1168,35,18,0
1168,36,18,0
1168,37,18,0
1168,38,18,0
1168,39,18,0
1168,40,18,1
1168,41,18,0
1168,42,18,0
1168,43,18,0
1168,44,18,1
1168,45,18,1
1168,46,18,0
1168,47,18,0
1168,48,18,0
1168,49,18,0
1168,50,18,0
1168,51,18,0
1168,52,18,0
1168,53,18,0
1168,54,18,0
1168,55,18,0
1168,56,18,0
1168,57,18,0
1168,58,18,0
1168,59,18,0
1168,60,18,0
1168,61,18,0
1168,62,18,0
1168,63,18,0
1168,64,18,0
1168,65,18,0
1168,66,18,0
1168,67,18,0
1168,68,18,0
1168,69,18,0
1168,70,18,0
1168,71,18,0
1168,72,18,0
1168,73,18,0
1168,74,18,0
1168,75,18,0
1168,76,18,0
1168,77,18,0
1168,78,18,0
1168,79,18,0
1168,80,18,0
1168,81,18,0
1168,82,18,1
1168,83,18,0
1168,84,18,0
1168,85,18,0
1168,86,18,0
1168,87,18,0
1168,88,18,0
1168,89,18,0
1168,90,18,0
1168,91,18,0
1168,92,18,0
1168,93,18,0
1168,94,18,0
1168,95,18,0
1168,96,18,0
1168,97,18,0
1168,98,18,0
1168,99,18,0
1168,100,18,0
1168,101,18,0
1168,102,18,0
1168,103,18,0
1168,104,18,0
1168,105,18,0
1168,106,18,0
1168,107,18,0
1168,108,18,1
1168,109,18,0
1168,110,18,0
1168,111,18,0
1168,0,19,0
1168,1,19,0
1168,2,19,0
1168,3,19,0
1168,4,19,0
1168,5,19,0
1168,6,19,0
1168,7,19,0
1168,8,19,0
1168,9,19,0
1168,10,19,0
1168,11,19,0
1168,12,19,0
1168,13,19,0
1168,14,19,0
1168,15,19,0
1168,16,19,0
1168,17,19,0
1168,18,19,0
1168,19,19,0
1168,20,19,0
1168,21,19,0
1168,22,19,0
1168,23,19,0
1168,24,19,0
1168,25,19,0
1168,26,19,0
1168,27,19,0
1168,28,19,0
1168,29,19,0
1168,30,19,0
1168,31,19,0
1168,32,19,0
1168,33,19,0
1168,34,19,0
1168,35,19,0
1168,36,19,0
1168,37,19,0
1168,38,19,0
1168,39,19,0
1168,40,19,0
1168,41,19,0
1168,42,19,0
1168,43,19,0
1168,44,19,0
1168,45,19,0
1168,46,19,0
1168,47,19,0
1168,48,19,0
1168,49,19,0
1168,50,19,0
1168,51,19,0
1168,52,19,0
1168,53,19,0
1168,54,19,0
1168,55,19,0
1168,56,19,0
1168,57,19,0
1168,58,19,0
1168,59,19,0
1168,60,19,0
1168,61,19,0
1168,62,19,0
1168,63,19,0
1168,64,19,0
1168,65,19,0
1168,66,19,0
1168,67,19,0
1168,68,19,0
1168,69,19,0
1168,70,19,0
1168,71,19,0
1168,72,19,0
1168,73,19,0
1168,74,19,0
1168,75,19,0
1168,76,19,0
1168,77,19,0
1168,78,19,0
1168,79,19,0
1168,80,19,0
1168,81,19,0
1168,82,19,0
1168,83,19,0
1168,84,19,0
1168,85,19,0
1168,86,19,0
1168,87,19,0
1168,88,19,0
1168,89,19,0
1168,90,19,0
1168,91,19,0
1168,92,19,0
1168,93,19,0
1168,94,19,0
1168,95,19,0
1168,96,19,0
1168,97,19,0
1168,98,19,0
1168,99,19,0
1168,100,19,0
1168,101,19,0
1168,102,19,0
1168,103,19,0
1168,104,19,0
1168,105,19,0
1168,106,19,0
1168,107,19,0
1168,108,19,0
1168,109,19,0
1168,110,19,0
1168,111,19,0
1168,0,20,0
1168,1,20,0
1168,2,20,0
1168,3,20,0
1168,4,20,0
1168,5,20,0
1168,6,20,0
1168,7,20,0
1168,8,20,0
1168,9,20,0
1168,10,20,0
1168,11,20,0
1168,12,20,0
1168,13,20,0
1168,14,20,0
1168,15,20,0
1168,16,20,0
1168,17,20,0
1168,18,20,0
1168,19,20,0
1168,20,20,0
1168,21,20,0
1168,22,20,0
1168,23,20,0
1168,24,20,0
1168,25,20,0
1168,26,20,0
1168,27,20,0
1168,28,20,0
1168,29,20,0
1168,30,20,0
1168,31,20,0
1168,32,20,0
1168,33,20,0
1168,34,20,0
1168,35,20,0
1168,36,20,0
1168,37,20,0
1168,38,20,0
1168,39,20,0
1168,40,20,0
1168,41,20,0
1168,42,20,0
1168,43,20,0
1168,44,20,0
1168,45,20,0
1168,46,20,0
1168,47,20,0
1168,48,20,1
1168,49,20,0
1168,50,20,0
1168,51,20,0
1168,52,20,0
1168,53,20,0
1168,54,20,0
1168,55,20,0
1168,56,20,0
1168,57,20,0
1168,58,20,0
1168,59,20,0
1168,60,20,1
1168,61,20,0
1168,62,20,0
1168,63,20,0
1168,64,20,0
1168,65,20,0
1168,66,20,0
1168,67,20,0
1168,68,20,0
1168,69,20,0
1168,70,20,0
1168,71,20,0
1168,72,20,0
1168,73,20,0
1168,74,20,0
1168,75,20,0
1168,76,20,0
1168,77,20,0
1168,78,20,0
1168,79,20,0
1168,80,20,0
1168,81,20,0
1168,82,20,0
1168,83,20,0
1168,84,20,0
1168,85,20,0
1168,86,20,0
1168,87,20,0
1168,88,20,0
1168,89,20,0
1168,90,20,0
1168,91,20,0
1168,92,20,0
1168,93,20,0
1168,94,20,0
1168,95,20,0
1168,96,20,0
1168,97,20,0
1168,98,20,0
1168,99,20,0
1168,100,20,0
1168,101,20,0
1168,102,20,0
1168,103,20,0
1168,104,20,0
1168,105,20,0
1168,106,20,0
1168,107,20,0
1168,108,20,0
1168,109,20,0
1168,110,20,0
1168,111,20,0
1168,0,21,0
1168,1,21,1
1168,2,21,0
1168,3,21,0
1168,4,21,0
1168,5,21,0
1168,6,21,0
1168,7,21,0
1168,8,21,0
1168,9,21,0
1168,10,21,0
1168,11,21,0
1168,12,21,1
1168,13,21,0
1168,14,21,0
1168,15,21,0
1168,16,21,0
1168,17,21,0
1168,18,21,0
1168,19,21,0
1168,20,21,0
1168,21,21,0
1168,22,21,0
1168,23,21,0
1168,24,21,0
1168,25,21,0
1168,26,21,0
1168,27,21,0
1168,28,21,0
1168,29,21,1
1168,30,21,0
1168,31,21,0
1168,32,21,0
1168,33,21,1
1168,34,21,0
1168,35,21,0
1168,36,21,0
1168,37,21,0
1168,38,21,0
1168,39,21,0
1168,40,21,0
1168,41,21,0
1168,42,21,0
1168,43,21,0
1168,44,21,0
1168,45,21,0
1168,46,21,0
1168,47,21,0
1168,48,21,0
1168,49,21,0
1168,50,21,0
1168,51,21,0
1168,52,21,0
1168,53,21,0
1168,54,21,0
1168,55,21,0
1168,56,21,0
1168,57,21,0
1168,58,21,0
1168,59,21,0
1168,60,21,0
1168,61,21,0
1168,62,21,0
1168,63,21,0
1168,64,21,0
1168,65,21,0
1168,66,21,0
1168,67,21,0
1168,68,21,0
1168,69,21,0
1168,70,21,0
1168,71,21,0
1168,72,21,0
1168,73,21,0
1168,74,21,0
1168,75,21,0
1168,76,21,0
1168,77,21,0
1168,78,21,0
1168,79,21,0
1168,80,21,0
1168,81,21,0
1168,82,21,0
1168,83,21,1
1168,84,21,0
1168,85,21,0
1168,86,21,0
1168,87,21,0
1168,88,21,0
1168,89,21,0
1168,90,21,0
1168,91,21,0
1168,92,21,0
1168,93,21,0
1168,94,21,0
1168,95,21,0
1168,96,21,0
1168,97,21,0
1168,98,21,0
1168,99,21,0
1168,100,21,0
1168,101,21,0
1168,102,21,1
1168,103,21,0
1168,104,21,0
1168,105,21,0
1168,106,21,0
1168,107,21,0
1168,108,21,0
1168,109,21,0
1168,110,21,0
1168,111,21,0
1168,0,22,0
1168,1,22,0
1168,2,22,0
1168,3,22,0
1168,4,22,0
1168,5,22,0
1168,6,22,0
1168,7,22,0
1168,8,22,0
1168,9,22,0
1168,10,22,0
1168,11,22,0
1168,12,22,1
1168,13,22,0
1168,14,22,0
1168,15,22,0
1168,16,22,0
1168,17,22,0
1168,18,22,0
1168,19,22,1
1168,20,22,0
1168,21,22,0
1168,22,22,0
1168,23,22,0
1168,24,22,0
1168,25,22,0
1168,26,22,0
1168,27,22,0
1168,28,22,1
1168,29,22,0
1168,30,22,0
1168,31,22,0
1168,32,22,0
1168,33,22,0
1168,34,22,0
1168,35,22,0
1168,36,22,0
1168,37,22,0
1168,38,22,0
1168,39,22,0
1168,40,22,1
1168,41,22,0
1168,42,22,0
1168,43,22,0
1168,44,22,0
1168,45,22,0
1168,46,22,0
1168,47,22,0
1168,48,22,0
1168,49,22,0
1168,50,22,0
1168,51,22,0
1168,52,22,0
1168,53,22,0
1168,54,22,0
1168,55,22,0
1168,56,22,0
1168,57,22,0
1168,58,22,0
1168,59,22,0
1168,60,22,0
1168,61,22,0
1168,62,22,0
1168,63,22,1
1168,64,22,0
1168,65,22,0
1168,66,22,0
1168,67,22,0
1168,68,22,0
1168,69,22,0
1168,70,22,0
1168,71,22,0
1168,72,22,0
1168,73,22,1
1168,74,22,0
1168,75,22,0
1168,76,22,0
1168,77,22,0
1168,78,22,0
1168,79,22,0
1168,80,22,0
1168,81,22,0
1168,82,22,0
1168,83,22,0
1168,84,22,0
1168,85,22,0
1168,86,22,0
1168,87,22,0
1168,88,22,0
1168,89,22,0
1168,90,22,0
1168,91,22,0
1168,92,22,0
1168,93,22,0
1168,94,22,0
1168,95,22,0
1168,96,22,0
1168,97,22,0
1168,98,22,0
1168,99,22,0
1168,100,22,0
1168,101,22,0
1168,102,22,0
1168,103,22,0
1168,104,22,0
1168,105,22,0
1168,106,22,0
1168,107,22,0
1168,108,22,0
1168,109,22,0
1168,110,22,0
1168,111,22,0
1168,0,23,0
1168,1,23,0
1168,2,23,0
1168,3,23,0
1168,4,23,0
1168,5,23,0
1168,6,23,0
1168,7,23,0
1168,8,23,0
1168,9,23,0
1168,10,23,0
1168,11,23,0
1168,12,23,0
1168,13,23,0
1168,14,23,1
1168,15,23,0
1168,16,23,0
1168,17,23,0
1168,18,23,0
1168,19,23,0
1168,20,23,0
1168,21,23,0
1168,22,23,0
1168,23,23,0
1168,24,23,0
1168,25,23,0
1168,26,23,0
1168,27,23,0
1168,28,23,0
1168,29,23,0
1168,30,23,0
1168,31,23,0
1168,32,23,0
1168,33,23,0
1168,34,23,0
1168,35,23,0
1168,36,23,1
1168,37,23,0
1168,38,23,0
1168,39,23,0
1168,40,23,0
1168,41,23,0
1168,42,23,0
1168,43,23,0
1168,44,23,0
1168,45,23,0
1168,46,23,0
1168,47,23,0
1168,48,23,0
1168,49,23,0
1168,50,23,0
1168,51,23,0
1168,52,23,0
1168,53,23,0
1168,54,23,0
1168,55,23,0
1168,56,23,0
1168,57,23,0
1168,58,23,0
1168,59,23,0
1168,60,23,0
1168,61,23,0
1168,62,23,0
1168,63,23,0
1168,64,23,0
1168,65,23,0
1168,66,23,0
1168,67,23,0
1168,68,23,0
1168,69,23,0
1168,70,23,0
1168,71,23,0
1168,72,23,0
1168,73,23,0
1168,74,23,0
1168,75,23,0
1168,76,23,0
1168,77,23,0
1168,78,23,0
1168,79,23,0
1168,80,23,0
1168,81,23,0
1168,82,23,0
1168,83,23,0
1168,84,23,0
1168,85,23,0
1168,86,23,0
1168,87,23,0
1168,88,23,0
1168,89,23,0
1168,90,23,0
1168,91,23,0
1168,92,23,1
1168,93,23,0
1168,94,23,0
1168,95,23,0
1168,96,23,0
1168,97,23,0
1168,98,23,0
1168,99,23,0
1168,100,23,0
1168,101,23,0
1168,102,23,0
1168,103,23,0
1168,104,23,0
1168,105,23,0
1168,106,23,0
1168,107,23,0
1168,108,23,0
1168,109,23,0
1168,110,23,0
1168,111,23,0
1168,0,24,0
1168,1,24,0
1168,2,24,0
1168,3,24,0
1168,4,24,0
1168,5,24,0
1168,6,24,0
1168,7,24,0
1168,8,24,0
1168,9,24,0
1168,10,24,0
1168,11,24,0
1168,12,24,0
1168,13,24,0
1168,14,24,0
1168,15,24,0
1168,16,24,0
1168,17,24,0
1168,18,24,0
1168,19,24,0
1168,20,24,0
1168,21,24,0
1168,22,24,0
1168,23,24,0
1168,24,24,0
1168,25,24,0
1168,26,24,0
1168,27,24,0
1168,28,24,0
1168,29,24,0
1168,30,24,0
1168,31,24,0
1168,32,24,0
1168,33,24,0
1168,34,24,0
1168,35,24,0
1168,36,24,0
1168,37,24,0
1168,38,24,0
1168,39,24,0
1168,40,24,0
1168,41,24,0
1168,42,24,0
1168,43,24,0
1168,44,24,0
1168,45,24,0
1168,46,24,0
1168,47,24,0
1168,48,24,0
1168,49,24,0
1168,50,24,0
1168,51,24,0
1168,52,24,0
1168,53,24,0
1168,54,24,0
1168,55,24,1
1168,56,24,0
1168,57,24,0
1168,58,24,0
1168,59,24,0
1168,60,24,0
1168,61,24,0
1168,62,24,0
1168,63,24,0
1168,64,24,0
1168,65,24,0
1168,66,24,0
1168,67,24,0
1168,68,24,0
1168,69,24,0
1168,70,24,0
1168,71,24,0
1168,72,24,1
1168,73,24,0
1168,74,24,0
1168,75,24,0
1168,76,24,0
1168,77,24,0
1168,78,24,0
1168,79,24,0
1168,80,24,0
1168,81,24,0
1168,82,24,0
1168,83,24,0
1168,84,24,0
1168,85,24,0
1168,86,24,0
1168,87,24,0
1168,88,24,0
1168,89,24,0
1168,90,24,0
1168,91,24,0
1168,92,24,0
1168,93,24,0
1168,94,24,0
1168,95,24,0
1168,96,24,0
1168,97,24,0
1168,98,24,1
1168,99,24,0
1168,100,24,0
1168,101,24,0
1168,102,24,0
1168,103,24,0
1168,104,24,0
1168,105,24,0
1168,106,24,0
1168,107,24,0
1168,108,24,0
1168,109,24,0
1168,110,24,0
1168,111,24,0
1168,0,25,0
1168,1,25,0
1168,2,25,0
1168,3,25,0
1168,4,25,0
1168,5,25,0
1168,6,25,0
1168,7,25,0
1168,8,25,0
1168,9,25,0
1168,10,25,0
1168,11,25,0
1168,12,25,0
1168,13,25,0
1168,14,25,0
1168,15,25,0
1168,16,25,0
1168,17,25,0
1168,18,25,0
1168,19,25,0
1168,20,25,0
1168,21,25,0
1168,22,25,0
1168,23,25,0
1168,24,25,0
1168,25,25,0
1168,26,25,0
1168,27,25,0
1168,28,25,0
1168,29,25,0
1168,30,25,0
1168,31,25,0
1168,32,25,0
1168,33,25,0
1168,34,25,0
1168,35,25,0
1168,36,25,0
1168,37,25,0
1168,38,25,0
1168,39,25,0
1168,40,25,0
1168,41,25,0
1168,42,25,0
1168,43,25,0
1168,44,25,0
1168,45,25,0
1168,46,25,0
1168,47,25,0
1168,48,25,0
1168,49,25,0
1168,50,25,0
1168,51,25,0
1168,52,25,0
1168,53,25,0
1168,54,25,0
1168,55,25,0
1168,56,25,0
1168,57,25,0
1168,58,25,0
1168,59,25,0
1168,60,25,0
1168,61,25,0
1168,62,25,0
1168,63,25,1
1168,64,25,1
1168,65,25,0
1168,66,25,0
1168,67,25,0
1168,68,25,0
1168,69,25,0
1168,70,25,0
1168,71,25,0
1168,72,25,0
1168,73,25,0
1168,74,25,0
1168,75,25,0
1168,76,25,0
1168,77,25,0
1168,78,25,0
1168,79,25,0
1168,80,25,0
1168,81,25,0
1168,82,25,0
1168,83,25,0
1168,84,25,0
1168,85,25,0
1168,86,25,0
1168,87,25,0
1168,88,25,0
1168,89,25,0
1168,90,25,0
1168,91,25,0
1168,92,25,0
1168,93,25,0
1168,94,25,0
1168,95,25,0
1168,96,25,0
1168,97,25,0
1168,98,25,0
1168,99,25,0
1168,100,25,1
1168,101,25,0
1168,102,25,0
1168,103,25,0
1168,104,25,0
1168,105,25,0
1168,106,25,0
1168,107,25,0
1168,108,25,0
1168,109,25,0
1168,110,25,0
1168,111,25,0
1168,0,26,0
1168,1,26,0
1168,2,26,0
1168,3,26,0
1168,4,26,0
1168,5,26,0
1168,6,26,0
1168,7,26,0
1168,8,26,0
1168,9,26,0
1168,10,26,0
1168,11,26,0
1168,12,26,0
1168,13,26,0
1168,14,26,0
1168,15,26,0
1168,16,26,0
1168,17,26,0
1168,18,26,1
1168,19,26,1
1168,20,26,0
1168,21,26,0
1168,22,26,0
1168,23,26,0
1168,24,26,0
1168,25,26,0
1168,26,26,0
1168,27,26,0
1168,28,26,0
1168,29,26,0
1168,30,26,0
1168,31,26,0
1168,32,26,0
1168,33,26,0
1168,34,26,0
1168,35,26,0
1168,36,26,0
1168,37,26,0
1168,38,26,0
1168,39,26,0
1168,40,26,0
1168,41,26,0
1168,42,26,0
1168,43,26,0
1168,44,26,1
1168,45,26,0
1168,46,26,0
1168,47,26,0
1168,48,26,0
1168,49,26,0
1168,50,26,0
1168,51,26,0
1168,52,26,1
1168,53,26,0
1168,54,26,0
1168,55,26,0
1168,56,26,0
1168,57,26,0
1168,58,26,0
1168,59,26,0
1168,60,26,0
1168,61,26,0
1168,62,26,0
1168,63,26,0
1168,64,26,0
1168,65,26,0
1168,66,26,0
1168,67,26,0
1168,68,26,0
1168,69,26,0
1168,70,26,0
1168,71,26,0
1168,72,26,0
1168,73,26,0
1168,74,26,0
1168,75,26,0
1168,76,26,0
1168,77,26,0
1168,78,26,0
1168,79,26,0
1168,80,26,0
1168,81,26,0
1168,82,26,0
1168,83,26,0
1168,84,26,0
1168,85,26,0
1168,86,26,0
1168,87,26,0
1168,88,26,0
1168,89,26,0
1168,90,26,0
1168,91,26,0
1168,92,26,0
1168,93,26,0
1168,94,26,0
1168,95,26,0
1168,96,26,0
1168,97,26,0
1168,98,26,0
1168,99,26,0
1168,100,26,0
1168,101,26,0
1168,102,26,0
1168,103,26,0
1168,104,26,0
1168,105,26,0
1168,106,26,0
1168,107,26,0
1168,108,26,0
1168,109,26,0
1168,110,26,0
1168,111,26,0
1168,0,27,0
1168,1,27,0
1168,2,27,0
1168,3,27,0
1168,4,27,0
1168,5,27,0
1168,6,27,0
1168,7,27,0
1168,8,27,0
1168,9,27,0
1168,10,27,1
1168,11,27,0
1168,12,27,0
1168,13,27,0
1168,14,27,0
1168,15,27,0
1168,16,27,0
1168,17,27,0
1168,18,27,0
1168,19,27,1
1168,20,27,0
1168,21,27,0
1168,22,27,1
1168,23,27,0
1168,24,27,0
1168,25,27,0
1168,26,27,0
1168,27,27,0
1168,28,27,0
1168,29,27,0
1168,30,27,0
1168,31,27,0
1168,32,27,0
1168,33,27,0
1168,34,27,0
1168,35,27,0
1168,36,27,0
1168,37,27,0
1168,38,27,0
1168,39,27,0
1168,40,27,0
1168,41,27,0
1168,42,27,0
1168,43,27,0
1168,44,27,0
1168,45,27,0
1168,46,27,1
1168,47,27,0
1168,48,27,0
1168,49,27,0
1168,50,27,0
1168,51,27,0
1168,52,27,0
1168,53,27,0
1168,54,27,0
1168,55,27,0
1168,56,27,0
1168,57,27,0
1168,58,27,0
1168,59,27,0
1168,60,27,0
1168,61,27,0
1168,62,27,0
1168,63,27,0
1168,64,27,0
1168,65,27,0
1168,66,27,0
1168,67,27,0
1168,68,27,0
1168,69,27,0
1168,70,27,0
1168,71,27,0
1168,72,27,0
1168,73,27,0
1168,74,27,0
1168,75,27,0
1168,76,27,0
1168,77,27,0
1168,78,27,0
1168,79,27,0
1168,80,27,0
1168,81,27,0
1168,82,27,0
1168,83,27,0
1168,84,27,0
1168,85,27,0
1168,86,27,0
1168,87,27,0
1168,88,27,0
1168,89,27,0
1168,90,27,0
1168,91,27,0
1168,92,27,0
1168,93,27,0
1168,94,27,0
1168,95,27,0
1168,96,27,0
1168,97,27,0
1168,98,27,0
1168,99,27,0
1168,100,27,0
1168,101,27,0
1168,102,27,0
1168,103,27,0
1168,104,27,0
1168,105,27,0
1168,106,27,0
1168,107,27,0
1168,108,27,0
1168,109,27,0
1168,110,27,0
1168,111,27,0
1168,0,28,0
1168,1,28,0
1168,2,28,0
1168,3,28,0
1168,4,28,0
1168,5,28,0
1168,6,28,0
1168,7,28,0
1168,8,28,1
1168,9,28,0
1168,10,28,0
1168,11,28,0
1168,12,28,0
1168,13,28,0
1168,14,28,0
1168,15,28,0
1168,16,28,0
1168,17,28,0
1168,18,28,1
1168,19,28,0
1168,20,28,1
1168,21,28,0
1168,22,28,0
1168,23,28,0
1168,24,28,0
1168,25,28,0
1168,26,28,0
1168,27,28,0
1168,28,28,0
1168,29,28,0
1168,30,28,0
1168,31,28,0
1168,32,28,1
1168,33,28,0
1168,34,28,0
1168,35,28,0
1168,36,28,0
1168,37,28,0
1168,38,28,0
1168,39,28,0
1168,40,28,0
1168,41,28,0
1168,42,28,0
1168,43,28,0
1168,44,28,0
1168,45,28,0
1168,46,28,0
1168,47,28,0
1168,48,28,0
1168,49,28,0
1168,50,28,0
1168,51,28,0
1168,52,28,0
1168,53,28,0
1168,54,28,0
1168,55,28,0
1168,56,28,0
1168,57,28,0
1168,58,28,0
1168,59,28,0
1168,60,28,0
1168,61,28,0
1168,62,28,0
1168,63,28,0
1168,64,28,0
1168,65,28,0
1168,66,28,0
1168,67,28,0
1168,68,28,0
1168,69,28,0
1168,70,28,0
1168,71,28,0
1168,72,28,0
1168,73,28,0
1168,74,28,0
1168,75,28,0
1168,76,28,0
1168,77,28,0
1168,78,28,0
1168,79,28,0
1168,80,28,0
1168,81,28,0
1168,82,28,0
1168,83,28,0
1168,84,28,0
1168,85,28,0
1168,86,28,0
1168,87,28,0
1168,88,28,0
1168,89,28,0
1168,90,28,0
1168,91,28,0
1168,92,28,0
1168,93,28,0
1168,94,28,0
1168,95,28,0
1168,96,28,0
1168,97,28,0
1168,98,28,0
1168,99,28,0
1168,100,28,0
1168,101,28,0
1168,102,28,0
1168,103,28,0
1168,104,28,0
1168,105,28,0
1168,106,28,0
1168,107,28,0
1168,108,28,0
1168,109,28,0
1168,110,28,0
1168,111,28,0
1168,0,29,0
1168,1,29,0
1168,2,29,0
1168,3,29,0
1168,4,29,0
1168,5,29,0
1168,6,29,0
1168,7,29,0
1168,8,29,0
1168,9,29,0
1168,10,29,0
1168,11,29,0
1168,12,29,0
1168,13,29,0
1168,14,29,0
1168,15,29,0
1168,16,29,0
1168,17,29,0
1168,18,29,0
1168,19,29,0
1168,20,29,0
1168,21,29,1
1168,22,29,0
1168,23,29,0
1168,24,29,0
1168,25,29,0
1168,26,29,0
1168,27,29,0
1168,28,29,0
1168,29,29,0
1168,30,29,0
1168,31,29,0
1168,32,29,0
1168,33,29,0
1168,34,29,0
1168,35,29,0
1168,36,29,0
1168,37,29,0
1168,38,29,0
1168,39,29,0
1168,40,29,0
1168,41,29,0
1168,42,29,0
1168,43,29,0
1168,44,29,0
1168,45,29,0
1168,46,29,0
1168,47,29,0
1168,48,29,0
1168,49,29,0
1168,50,29,0
1168,51,29,0
1168,52,29,0
1168,53,29,0
1168,54,29,0
1168,55,29,0
1168,56,29,0
1168,57,29,1
1168,58,29,0
1168,59,29,0
1168,60,29,0
1168,61,29,0
1168,62,29,1
1168,63,29,0
1168,64,29,0
1168,65,29,0
1168,66,29,0
1168,67,29,0
1168,68,29,0
1168,69,29,0
1168,70,29,0
1168,71,29,0
1168,72,29,0
1168,73,29,0
1168,74,29,0
1168,75,29,0
1168,76,29,0
1168,77,29,0
1168,78,29,0
1168,79,29,0
1168,80,29,0
1168,81,29,0
1168,82,29,0
1168,83,29,1
1168,84,29,0
1168,85,29,0
1168,86,29,0
1168,87,29,0
1168,88,29,0
1168,89,29,0
1168,90,29,0
1168,91,29,0
1168,92,29,0
1168,93,29,0
1168,94,29,0
1168,95,29,0
1168,96,29,0
1168,97,29,0
1168,98,29,0
1168,99,29,0
1168,100,29,0
1168,101,29,0
1168,102,29,0
1168,103,29,1
1168,104,29,0
1168,105,29,0
1168,106,29,0
1168,107,29,0
1168,108,29,0
1168,109,29,0
1168,110,29,0
1168,111,29,0
1168,0,30,0
1168,1,30,0
1168,2,30,0
1168,3,30,0
1168,4,30,0
1168,5,30,0
1168,6,30,0
1168,7,30,0
1168,8,30,0
1168,9,30,0
1168,10,30,0
1168,11,30,0
1168,12,30,0
1168,13,30,0
1168,14,30,0
1168,15,30,0
1168,16,30,0
1168,17,30,0
1168,18,30,0
1168,19,30,0
1168,20,30,0
1168,21,30,0
1168,22,30,1
1168,23,30,0
1168,24,30,0
1168,25,30,0
1168,26,30,0
1168,27,30,0
1168,28,30,0
1168,29,30,0
1168,30,30,1
1168,31,30,1
1168,32,30,0
1168,33,30,0
1168,34,30,0
1168,35,30,0
1168,36,30,0
1168,37,30,0
1168,38,30,0
1168,39,30,1
1168,40,30,0
1168,41,30,0
1168,42,30,0
1168,43,30,0
1168,44,30,0
1168,45,30,0
1168,46,30,0
1168,47,30,0
1168,48,30,0
1168,49,30,0
1168,50,30,0
1168,51,30,0
1168,52,30,0
1168,53,30,0
1168,54,30,0
1168,55,30,0
1168,56,30,0
1168,57,30,0
1168,58,30,0
1168,59,30,0
1168,60,30,0
1168,61,30,0
1168,62,30,0
1168,63,30,0
1168,64,30,0
1168,65,30,0
1168,66,30,0
1168,67,30,0
1168,68,30,0
1168,69,30,0
1168,70,30,0
1168,71,30,0
1168,72,30,0
1168,73,30,0
1168,74,30,0
1168,75,30,0
1168,76,30,0
1168,77,30,0
1168,78,30,0
1168,79,30,0
1168,80,30,0
1168,81,30,0
1168,82,30,0
1168,83,30,0
1168,84,30,0
1168,85,30,0
1168,86,30,0
1168,87,30,0
1168,88,30,0
1168,89,30,0
1168,90,30,0
1168,91,30,0
1168,92,30,0
1168,93,30,0
1168,94,30,0
1168,95,30,0
1168,96,30,0
1168,97,30,0
1168,98,30,0
1168,99,30,0
1168,100,30,0
1168,101,30,0
1168,102,30,0
1168,103,30,0
1168,104,30,0
1168,105,30,0
1168,106,30,0
1168,107,30,0
1168,108,30,0
1168,109,30,0
1168,110,30,0
1168,111,30,0
1168,0,31,0
1168,1,31,0
1168,2,31,0
1168,3,31,0
1168,4,31,0
1168,5,31,0
1168,6,31,0
1168,7,31,0
1168,8,31,0
1168,9,31,0
1168,10,31,0
1168,11,31,0
1168,12,31,0
1168,13,31,0
1168,14,31,0
1168,15,31,0
1168,16,31,1
1168,17,31,0
1168,18,31,0
1168,19,31,0
1168,20,31,0
1168,21,31,0
1168,22,31,0
1168,23,31,1
1168,24,31,0
1168,25,31,0
1168,26,31,0
1168,27,31,0
1168,28,31,0
1168,29,31,0
1168,30,31,0
1168,31,31,0
1168,32,31,0
1168,33,31,0
1168,34,31,0
1168,35,31,0
1168,36,31,0
1168,37,31,0
1168,38,31,0
1168,39,31,0
1168,40,31,0
1168,41,31,0
1168,42,31,0
1168,43,31,0
1168,44,31,0
1168,45,31,0
1168,46,31,0
1168,47,31,0
1168,48,31,0
1168,49,31,0
1168,50,31,0
1168,51,31,0
1168,52,31,0
1168,53,31,0
1168,54,31,0
1168,55,31,0
1168,56,31,0
1168,57,31,1
1168,58,31,0
1168,59,31,0
1168,60,31,0
1168,61,31,0
1168,62,31,0
1168,63,31,0
1168,64,31,0
1168,65,31,1
1168,66,31,0
1168,67,31,0
1168,68,31,0
1168,69,31,0
1168,70,31,0
1168,71,31,0
1168,72,31,1
1168,73,31,0
1168,74,31,0
1168,75,31,0
1168,76,31,0
1168,77,31,0
1168,78,31,0
1168,79,31,0
1168,80,31,0
1168,81,31,0
1168,82,31,0
1168,83,31,0
1168,84,31,0
1168,85,31,0
1168,86,31,0
1168,87,31,1
1168,88,31,0
1168,89,31,0
1168,90,31,0
1168,91,31,0
1168,92,31,0
1168,93,31,0
1168,94,31,0
1168,95,31,0
1168,96,31,0
1168,97,31,0
1168,98,31,0
1168,99,31,0
1168,100,31,0
1168,101,31,0
1168,102,31,0
1168,103,31,0
1168,104,31,0
1168,105,31,0
1168,106,31,0
1168,107,31,0
1168,108,31,0
1168,109,31,0
1168,110,31,0
1168,111,31,0
1168,0,32,0
1168,1,32,0
1168,2,32,0
1168,3,32,0
1168,4,32,0
1168,5,32,0
1168,6,32,0
1168,7,32,0
1168,8,32,0
1168,9,32,0
1168,10,32,0
1168,11,32,0
1168,12,32,0
1168,13,32,0
1168,14,32,0
1168,15,32,0
1168,16,32,0
1168,17,32,0
1168,18,32,0
1168,19,32,0
1168,20,32,0
1168,21,32,0
1168,22,32,0
1168,23,32,0
1168,24,32,1
1168,25,32,0
1168,26,32,1
1168,27,32,0
1168,28,32,0
1168,29,32,0
1168,30,32,0
1168,31,32,0
1168,32,32,0
1168,33,32,0
1168,34,32,0
1168,35,32,0
1168,36,32,0
1168,37,32,0
1168,38,32,0
1168,39,32,0
1168,40,32,0
1168,41,32,0
1168,42,32,0
1168,43,32,0
1168,44,32,0
1168,45,32,0
1168,46,32,0
1168,47,32,0
1168,48,32,0
1168,49,32,0
1168,50,32,0
1168,51,32,0
1168,52,32,0
1168,53,32,0
1168,54,32,0
1168,55,32,0
1168,56,32,0
1168,57,32,0
1168,58,32,0
1168,59,32,0
1168,60,32,0
1168,61,32,0
1168,62,32,0
1168,63,32,0
1168,64,32,0
1168,65,32,0
1168,66,32,0
1168,67,32,0
1168,68,32,0
1168,69,32,0
1168,70,32,0
1168,71,32,0
1168,72,32,0
1168,73,32,0
1168,74,32,0
1168,75,32,0
1168,76,32,0
1168,77,32,0
1168,78,32,0
1168,79,32,1
1168,80,32,0
1168,81,32,0
1168,82,32,0
1168,83,32,1
1168,84,32,1
1168,85,32,0
1168,86,32,0
1168,87,32,0
1168,88,32,0
1168,89,32,0
1168,90,32,0
1168,91,32,0
1168,92,32,1
1168,93,32,0
1168,94,32,1
1168,95,32,0
1168,96,32,0
1168,97,32,0
1168,98,32,0
1168,99,32,0
1168,100,32,0
1168,101,32,0
1168,102,32,0
1168,103,32,0
1168,104,32,0
1168,105,32,0
1168,106,32,0
1168,107,32,0
1168,108,32,0
1168,109,32,0
1168,110,32,0
1168,111,32,0
1168,0,33,0
1168,1,33,0
1168,2,33,0
1168,3,33,0
1168,4,33,0
1168,5,33,0
1168,6,33,0
1168,7,33,0
1168,8,33,0
1168,9,33,0
1168,10,33,0
1168,11,33,0
1168,12,33,0
1168,13,33,0
1168,14,33,0
1168,15,33,0
1168,16,33,0
1168,17,33,0
1168,18,33,0
1168,19,33,0
1168,20,33,0
1168,21,33,0
1168,22,33,0
1168,23,33,0
1168,24,33,1
1168,25,33,1
1168,26,33,0
1168,27,33,0
1168,28,33,0
1168,29,33,0
1168,30,33,0
1168,31,33,0
1168,32,33,0
1168,33,33,0
1168,34,33,0
1168,35,33,0
1168,36,33,0
1168,37,33,0
1168,38,33,0
1168,39,33,0
1168,40,33,0
1168,41,33,0
1168,42,33,0
1168,43,33,0
1168,44,33,0
1168,45,33,0
1168,46,33,0
1168,47,33,0
1168,48,33,0
1168,49,33,0
1168,50,33,0
1168,51,33,0
1168,52,33,0
1168,53,33,0
1168,54,33,0
1168,55,33,0
1168,56,33,0
1168,57,33,0
1168,58,33,0
1168,59,33,0
1168,60,33,0
1168,61,33,0
1168,62,33,0
1168,63,33,0
1168,64,33,0
1168,65,33,0
1168,66,33,0
1168,67,33,0
1168,68,33,0
1168,69,33,0
1168,70,33,0
1168,71,33,0
1168,72,33,0
1168,73,33,0
1168,74,33,1
1168,75,33,0
1168,76,33,0
1168,77,33,0
1168,78,33,0
1168,79,33,0
1168,80,33,0
1168,81,33,0
1168,82,33,0
1168,83,33,0
1168,84,33,0
1168,85,33,0
1168,86,33,0
1168,87,33,0
1168,88,33,0
1168,89,33,0
1168,90,33,0
1168,91,33,0
1168,92,33,0
1168,93,33,0
1168,94,33,0
1168,95,33,0
1168,96,33,0
1168,97,33,0
1168,98,33,0
1168,99,33,0
1168,100,33,0
1168,101,33,0
1168,102,33,0
1168,103,33,0
1168,104,33,0
1168,105,33,0
1168,106,33,0
1168,107,33,0
1168,108,33,0
1168,109,33,0
1168,110,33,0
1168,111,33,0
1168,0,34,0
1168,1,34,0
1168,2,34,1
1168,3,34,0
1168,4,34,0
1168,5,34,0
1168,6,34,0
1168,7,34,0
1168,8,34,0
1168,9,34,0
1168,10,34,0
1168,11,34,0
1168,12,34,0
1168,13,34,0
1168,14,34,0
1168,15,34,0
1168,16,34,0
1168,17,34,0
1168,18,34,0
1168,19,34,0
1168,20,34,0
1168,21,34,0
1168,22,34,0
1168,23,34,0
1168,24,34,0
1168,25,34,0
1168,26,34,1
1168,27,34,0
1168,28,34,0
1168,29,34,0
1168,30,34,0
1168,31,34,0
1168,32,34,0
1168,33,34,0
1168,34,34,0
1168,35,34,0
1168,36,34,0
1168,37,34,0
1168,38,34,0
1168,39,34,0
1168,40,34,0
1168,41,34,0
1168,42,34,0
1168,43,34,0
1168,44,34,0
1168,45,34,0
1168,46,34,0
1168,47,34,0
1168,48,34,0
1168,49,34,0
1168,50,34,0
1168,51,34,0
1168,52,34,0
1168,53,34,0
1168,54,34,0
1168,55,34,0
1168,56,34,0
1168,57,34,0
1168,58,34,0
1168,59,34,0
1168,60,34,0
1168,61,34,0
1168,62,34,0
1168,63,34,0
1168,64,34,0
1168,65,34,0
1168,66,34,0
1168,67,34,0
1168,68,34,0
1168,69,34,0
1168,70,34,0
1168,71,34,0
1168,72,34,0
1168,73,34,0
1168,74,34,0
1168,75,34,1
1168,76,34,0
1168,77,34,0
1168,78,34,0
1168,79,34,0
1168,80,34,0
1168,81,34,0
1168,82,34,0
1168,83,34,0
1168,84,34,0
1168,85,34,0
1168,86,34,0
1168,87,34,0
1168,88,34,0
1168,89,34,0
1168,90,34,0
1168,91,34,0
1168,92,34,0
1168,93,34,0
1168,94,34,0
1168,95,34,0
1168,96,34,0
1168,97,34,0
1168,98,34,0
1168,99,34,0
1168,100,34,0
1168,101,34,0
1168,102,34,0
1168,103,34,0
1168,104,34,0
1168,105,34,0
1168,106,34,0
1168,107,34,0
1168,108,34,1
1168,109,34,0
1168,110,34,0
1168,111,34,0
1168,0,35,0
1168,1,35,0
1168,2,35,0
1168,3,35,0
1168,4,35,0
1168,5,35,0
1168,6,35,0
1168,7,35,0
1168,8,35,0
1168,9,35,0
1168,10,35,0
1168,11,35,0
1168,12,35,0
1168,13,35,1
1168,14,35,0
1168,15,35,0
1168,16,35,0
1168,17,35,0
1168,18,35,0
1168,19,35,0
1168,20,35,0
1168,21,35,0
1168,22,35,0
1168,23,35,0
1168,24,35,1
1168,25,35,0
1168,26,35,0
1168,27,35,1
1168,28,35,0
1168,29,35,0
1168,30,35,0
1168,31,35,0
1168,32,35,0
1168,33,35,0
1168,34,35,0
1168,35,35,0
1168,36,35,0
1168,37,35,0
1168,38,35,0
1168,39,35,1
1168,40,35,0
1168,41,35,0
1168,42,35,0
1168,43,35,0
1168,44,35,0
1168,45,35,0
1168,46,35,0
1168,47,35,0
1168,48,35,0
1168,49,35,0
1168,50,35,0
1168,51,35,0
1168,52,35,0
1168,53,35,0
1168,54,35,0
1168,55,35,0
1168,56,35,0
1168,57,35,0
1168,58,35,0
1168,59,35,0
1168,60,35,1
1168,61,35,0
1168,62,35,0
1168,63,35,0
1168,64,35,0
1168,65,35,0
1168,66,35,0
1168,67,35,0
1168,68,35,0
1168,69,35,0
1168,70,35,0
1168,71,35,0
1168,72,35,0
1168,73,35,0
1168,74,35,0
1168,75,35,0
1168,76,35,0
1168,77,35,0
1168,78,35,0
1168,79,35,0
1168,80,35,0
1168,81,35,0
1168,82,35,0
1168,83,35,0
1168,84,35,0
1168,85,35,0
1168,86,35,0
1168,87,35,0
1168,88,35,0
1168,89,35,1
1168,90,35,0
1168,91,35,1
1168,92,35,0
1168,93,35,0
1168,94,35,0
1168,95,35,0
1168,96,35,0
1168,97,35,0
1168,98,35,0
1168,99,35,0
1168,100,35,1
1168,101,35,0
1168,102,35,0
1168,103,35,0
1168,104,35,0
1168,105,35,0
1168,106,35,0
1168,107,35,0
1168,108,35,0
1168,109,35,0
1168,110,35,0
1168,111,35,0
1168,0,36,0
1168,1,36,0
1168,2,36,0
1168,3,36,0
1168,4,36,0
1168,5,36,0
1168,6,36,0
1168,7,36,0
1168,8,36,0
1168,9,36,0
1168,10,36,0
1168,11,36,0
1168,12,36,1
1168,13,36,0
1168,14,36,0
1168,15,36,0
1168,16,36,0
1168,17,36,0
1168,18,36,0
1168,19,36,0
1168,20,36,0
1168,21,36,0
1168,22,36,0
1168,23,36,0
1168,24,36,0
1168,25,36,0
1168,26,36,0
1168,27,36,0
1168,28,36,1
1168,29,36,0
1168,30,36,0
1168,31,36,0
1168,32,36,0
1168,33,36,0
1168,34,36,0
1168,35,36,0
1168,36,36,0
1168,37,36,0
1168,38,36,0
1168,39,36,0
1168,40,36,0
1168,41,36,0
1168,42,36,0
1168,43,36,0
1168,44,36,0
1168,45,36,0
1168,46,36,0
1168,47,36,0
1168,48,36,0
1168,49,36,0
1168,50,36,0
1168,51,36,0
1168,52,36,0
1168,53,36,0
1168,54,36,0
1168,55,36,0
1168,56,36,0
1168,57,36,0
1168,58,36,0
1168,59,36,0
1168,60,36,0
1168,61,36,0
1168,62,36,0
1168,63,36,0
1168,64,36,0
1168,65,36,0
1168,66,36,0
1168,67,36,0
1168,68,36,0
1168,69,36,0
1168,70,36,0
1168,71,36,0
1168,72,36,0
1168,73,36,0
1168,74,36,0
1168,75,36,0
1168,76,36,0
1168,77,36,1
1168,78,36,0
1168,79,36,1
1168,80,36,0
1168,81,36,0
1168,82,36,0
1168,83,36,0
1168,84,36,0
1168,85,36,0
1168,86,36,0
1168,87,36,0
1168,88,36,0
1168,89,36,0
1168,90,36,0
1168,91,36,0
1168,92,36,0
1168,93,36,0
1168,94,36,1
1168,95,36,0
1168,96,36,0
1168,97,36,0
1168,98,36,0
1168,99,36,0
1168,100,36,0
1168,101,36,0
1168,102,36,0
1168,103,36,0
1168,104,36,0
1168,105,36,0
1168,106,36,0
1168,107,36,0
1168,108,36,0
1168,109,36,0
1168,110,36,0
1168,111,36,0
1168,0,37,0
1168,1,37,0
1168,2,37,0
1168,3,37,0
1168,4,37,0
1168,5,37,0
1168,6,37,0
1168,7,37,0
1168,8,37,0
1168,9,37,0
1168,10,37,1
1168,11,37,1
1168,12,37,0
1168,13,37,0
1168,14,37,0
1168,15,37,0
1168,16,37,0
1168,17,37,0
1168,18,37,0
1168,19,37,0
1168,20,37,0
1168,21,37,0
1168,22,37,0
1168,23,37,0
1168,24,37,0
1168,25,37,0
1168,26,37,0
1168,27,37,1
1168,28,37,0
1168,29,37,1
1168,30,37,0
1168,31,37,0
1168,32,37,0
1168,33,37,0
1168,34,37,0
1168,35,37,0
1168,36,37,0
1168,37,37,0
1168,38,37,0
1168,39,37,0
1168,40,37,0
1168,41,37,0
1168,42,37,1
1168,43,37,0
1168,44,37,0
1168,45,37,0
1168,46,37,0
1168,47,37,0
1168,48,37,0
1168,49,37,0
1168,50,37,0
1168,51,37,0
1168,52,37,0
1168,53,37,0
1168,54,37,0
1168,55,37,0
1168,56,37,0
1168,57,37,0
1168,58,37,0
1168,59,37,0
1168,60,37,0
1168,61,37,1
1168,62,37,0
1168,63,37,0
1168,64,37,0
1168,65,37,0
1168,66,37,0
1168,67,37,0
1168,68,37,0
1168,69,37,0
1168,70,37,0
1168,71,37,0
1168,72,37,0
1168,73,37,0
1168,74,37,0
1168,75,37,0
1168,76,37,0
1168,77,37,0
1168,78,37,0
1168,79,37,0
1168,80,37,0
1168,81,37,0
1168,82,37,0
1168,83,37,0
1168,84,37,0
1168,85,37,0
1168,86,37,0
1168,87,37,0
1168,88,37,0
1168,89,37,0
1168,90,37,0
1168,91,37,0
1168,92,37,0
1168,93,37,0
1168,94,37,0
1168,95,37,0
1168,96,37,0
1168,97,37,0
1168,98,37,0
1168,99,37,0
1168,100,37,0
1168,101,37,0
1168,102,37,0
1168,103,37,0
1168,104,37,0
1168,105,37,0
1168,106,37,0
1168,107,37,0
1168,108,37,0
1168,109,37,0
1168,110,37,0
1168,111,37,0
1168,0,38,0
1168,1,38,0
1168,2,38,0
1168,3,38,0
1168,4,38,0
1168,5,38,0
1168,6,38,0
1168,7,38,0
1168,8,38,0
1168,9,38,0
1168,10,38,1
1168,11,38,0
1168,12,38,0
1168,13,38,0
1168,14,38,0
1168,15,38,0
1168,16,38,0
1168,17,38,0
1168,18,38,0
1168,19,38,0
1168,20,38,0
1168,21,38,0
1168,22,38,0
1168,23,38,0
1168,24,38,0
1168,25,38,0
1168,26,38,0
1168,27,38,0
1168,28,38,0
1168,29,38,0
1168,30,38,1
1168,31,38,0
1168,32,38,0
1168,33,38,0
1168,34,38,0
1168,35,38,0
1168,36,38,0
1168,37,38,0
1168,38,38,0
1168,39,38,0
1168,40,38,0
1168,41,38,0
1168,42,38,0
1168,43,38,0
1168,44,38,0
1168,45,38,0
1168,46,38,0
1168,47,38,0
1168,48,38,0
1168,49,38,0
1168,50,38,0
1168,51,38,1
1168,52,38,0
1168,53,38,0
1168,54,38,0
1168,55,38,0
1168,56,38,0
1168,57,38,0
1168,58,38,0
1168,59,38,0
1168,60,38,0
1168,61,38,0
1168,62,38,0
1168,63,38,0
1168,64,38,1
1168,65,38,0
1168,66,38,0
1168,67,38,0
1168,68,38,0
1168,69,38,0
1168,70,38,0
1168,71,38,0
1168,72,38,0
1168,73,38,0
1168,74,38,0
1168,75,38,0
1168,76,38,0
1168,77,38,0
1168,78,38,0
1168,79,38,0
1168,80,38,0
1168,81,38,0
1168,82,38,0
1168,83,38,0
1168,84,38,0
1168,85,38,0
1168,86,38,0
1168,87,38,0
1168,88,38,0
1168,89,38,0
1168,90,38,0
1168,91,38,0
1168,92,38,0
1168,93,38,0
1168,94,38,0
1168,95,38,0
1168,96,38,0
1168,97,38,0
1168,98,38,0
1168,99,38,0
1168,100,38,0
1168,101,38,0
1168,102,38,0
1168,103,38,0
1168,104,38,0
1168,105,38,0
1168,106,38,0
1168,107,38,0
1168,108,38,0
1168,109,38,0
1168,110,38,0
1168,111,38,0
1168,0,39,0
1168,1,39,0
1168,2,39,0
1168,3,39,0
1168,4,39,0
1168,5,39,0
1168,6,39,0
1168,7,39,0
1168,8,39,0
1168,9,39,1
1168,10,39,0
1168,11,39,0
1168,12,39,0
1168,13,39,0
1168,14,39,0
1168,15,39,0
1168,16,39,0
1168,17,39,0
1168,18,39,0
1168,19,39,0
1168,20,39,0
1168,21,39,0
1168,22,39,0
1168,23,39,0
1168,24,39,0
1168,25,39,0
1168,26,39,0
1168,27,39,0
1168,28,39,0
1168,29,39,0
1168,30,39,0
1168,31,39,1
1168,32,39,0
1168,33,39,0
1168,34,39,0
1168,35,39,0
1168,36,39,0
1168,37,39,0
1168,38,39,0
1168,39,39,0
1168,40,39,0
1168,41,39,0
1168,42,39,0
1168,43,39,0
1168,44,39,0
1168,45,39,0
1168,46,39,0
1168,47,39,0
1168,48,39,0
1168,49,39,0
1168,50,39,0
1168,51,39,0
1168,52,39,0
1168,53,39,0
1168,54,39,0
1168,55,39,0
1168,56,39,0
1168,57,39,0
1168,58,39,0
1168,59,39,0
1168,60,39,1
1168,61,39,0
1168,62,39,0
1168,63,39,0
1168,64,39,0
1168,65,39,0
1168,66,39,0
1168,67,39,0
1168,68,39,0
1168,69,39,0
1168,70,39,0
1168,71,39,0
1168,72,39,0
1168,73,39,0
1168,74,39,0
1168,75,39,0
1168,76,39,0
1168,77,39,0
1168,78,39,0
1168,79,39,0
1168,80,39,1
1168,81,39,0
1168,82,39,0
1168,83,39,0
1168,84,39,0
1168,85,39,0
1168,86,39,0
1168,87,39,0
1168,88,39,0
1168,89,39,0
1168,90,39,0
1168,91,39,0
1168,92,39,0
1168,93,39,0
1168,94,39,0
1168,95,39,0
1168,96,39,0
1168,97,39,0
1168,98,39,0
1168,99,39,0
1168,100,39,0
1168,101,39,0
1168,102,39,0
1168,103,39,0
1168,104,39,0
1168,105,39,0
1168,106,39,1
1168,107,39,0
1168,108,39,0
1168,109,39,0
1168,110,39,1
1168,111,39,0
1168,0,40,0
1168,1,40,0
1168,2,40,0
1168,3,40,0
1168,4,40,0
1168,5,40,0
1168,6,40,0
1168,7,40,0
1168,8,40,1
1168,9,40,0
1168,10,40,0
1168,11,40,0
1168,12,40,0
1168,13,40,0
1168,14,40,0
1168,15,40,0
1168,16,40,0
1168,17,40,0
1168,18,40,0
1168,19,40,0
1168,20,40,0
1168,21,40,0
1168,22,40,0
1168,23,40,0
1168,24,40,0
1168,25,40,0
1168,26,40,0
1168,27,40,1
1168,28,40,0
1168,29,40,0
1168,30,40,0
1168,31,40,0
1168,32,40,1
1168,33,40,0
1168,34,40,0
1168,35,40,0
1168,36,40,0
1168,37,40,0
1168,38,40,0
1168,39,40,0
1168,40,40,0
1168,41,40,0
1168,42,40,0
1168,43,40,0
1168,44,40,0
1168,45,40,0
1168,46,40,0
1168,47,40,0
1168,48,40,0
1168,49,40,1
1168,50,40,0
1168,51,40,0
1168,52,40,0
1168,53,40,0
1168,54,40,0
1168,55,40,0
1168,56,40,0
1168,57,40,0
1168,58,40,0
1168,59,40,0
1168,60,40,0
1168,61,40,0
1168,62,40,0
1168,63,40,0
1168,64,40,0
1168,65,40,0
1168,66,40,1
1168,67,40,0
1168,68,40,0
1168,69,40,0
1168,70,40,0
1168,71,40,0
1168,72,40,0
1168,73,40,0
1168,74,40,0
1168,75,40,0
1168,76,40,0
1168,77,40,0
1168,78,40,0
1168,79,40,0
1168,80,40,0
1168,81,40,0
1168,82,40,0
1168,83,40,0
1168,84,40,0
1168,85,40,0
1168,86,40,0
1168,87,40,0
1168,88,40,0
1168,89,40,0
1168,90,40,1
1168,91,40,0
1168,92,40,0
1168,93,40,0
1168,94,40,0
1168,95,40,0
1168,96,40,0
1168,97,40,0
1168,98,40,0
1168,99,40,0
1168,100,40,0
1168,101,40,0
1168,102,40,1
1168,103,40,0
1168,104,40,0
1168,105,40,0
1168,106,40,0
1168,107,40,0
1168,108,40,0
1168,109,40,0
1168,110,40,0
1168,111,40,0
1168,0,41,0
1168,1,41,0
1168,2,41,0
1168,3,41,0
1168,4,41,0
1168,5,41,0
1168,6,41,0
1168,7,41,1
1168,8,41,0
1168,9,41,0
1168,10,41,0
1168,11,41,1
1168,12,41,0
1168,13,41,0
1168,14,41,0
1168,15,41,0
1168,16,41,0
1168,17,41,0
1168,18,41,0
1168,19,41,0
1168,20,41,0
1168,21,41,1
1168,22,41,0
1168,23,41,1
1168,24,41,0
1168,25,41,0
1168,26,41,0
1168,27,41,0
1168,28,41,0
1168,29,41,0
1168,30,41,0
1168,31,41,0
1168,32,41,0
1168,33,41,1
1168,34,41,0
1168,35,41,0
1168,36,41,0
1168,37,41,0
1168,38,41,0
1168,39,41,0
1168,40,41,0
1168,41,41,0
1168,42,41,0
1168,43,41,0
1168,44,41,0
1168,45,41,0
1168,46,41,0
1168,47,41,0
1168,48,41,0
1168,49,41,0
1168,50,41,0
1168,51,41,0
1168,52,41,0
1168,53,41,0
1168,54,41,0
1168,55,41,0
1168,56,41,0
1168,57,41,0
1168,58,41,0
1168,59,41,0
1168,60,41,0
1168,61,41,0
1168,62,41,0
1168,63,41,1
1168,64,41,0
1168,65,41,0
1168,66,41,0
1168,67,41,1
1168,68,41,0
1168,69,41,0
1168,70,41,0
1168,71,41,0
1168,72,41,0
1168,73,41,0
1168,74,41,0
1168,75,41,0
1168,76,41,1
1168,77,41,0
1168,78,41,0
1168,79,41,0
1168,80,41,0
1168,81,41,0
1168,82,41,0
1168,83,41,0
1168,84,41,0
1168,85,41,0
1168,86,41,0
1168,87,41,0
1168,88,41,0
1168,89,41,0
1168,90,41,1
1168,91,41,0
1168,92,41,0
1168,93,41,0
1168,94,41,0
1168,95,41,0
1168,96,41,0
1168,97,41,0
1168,98,41,0
1168,99,41,0
1168,100,41,0
1168,101,41,0
1168,102,41,0
1168,103,41,0
1168,104,41,0
1168,105,41,0
1168,106,41,0
1168,107,41,0
1168,108,41,0
1168,109,41,0
1168,110,41,0
1168,111,41,0
1168,0,42,0
1168,1,42,1
1168,2,42,0
1168,3,42,0
1168,4,42,0
1168,5,42,0
1168,6,42,1
1168,7,42,0
1168,8,42,0
1168,9,42,0
1168,10,42,0
1168,11,42,0
1168,12,42,0
1168,13,42,0
1168,14,42,0
1168,15,42,0
1168,16,42,0
1168,17,42,0
1168,18,42,0
1168,19,42,0
1168,20,42,0
1168,21,42,0
1168,22,42,0
1168,23,42,0
1168,24,42,0
1168,25,42,1
1168,26,42,0
1168,27,42,0
1168,28,42,0
1168,29,42,1
1168,30,42,0
1168,31,42,0
1168,32,42,1
1168,33,42,0
1168,34,42,1
1168,35,42,0
1168,36,42,0
1168,37,42,0
1168,38,42,0
1168,39,42,0
1168,40,42,0
1168,41,42,0
1168,42,42,0
1168,43,42,0
1168,44,42,0
1168,45,42,0
1168,46,42,0
1168,47,42,0
1168,48,42,0
1168,49,42,0
1168,50,42,1
1168,51,42,0
1168,52,42,0
1168,53,42,0
1168,54,42,0
1168,55,42,0
1168,56,42,0
1168,57,42,0
1168,58,42,0
1168,59,42,0
1168,60,42,0
1168,61,42,0
1168,62,42,0
1168,63,42,0
1168,64,42,0
1168,65,42,0
1168,66,42,0
1168,67,42,0
1168,68,42,0
1168,69,42,0
1168,70,42,0
1168,71,42,0
1168,72,42,0
1168,73,42,0
1168,74,42,0
1168,75,42,0
1168,76,42,0
1168,77,42,0
1168,78,42,0
1168,79,42,0
1168,80,42,0
1168,81,42,0
1168,82,42,0
1168,83,42,0
1168,84,42,0
1168,85,42,0
1168,86,42,0
1168,87,42,0
1168,88,42,0
1168,89,42,0
1168,90,42,0
1168,91,42,0
1168,92,42,0
1168,93,42,1
1168,94,42,0
1168,95,42,0
1168,96,42,0
1168,97,42,0
1168,98,42,0
1168,99,42,0
1168,100,42,0
1168,101,42,0
1168,102,42,0
1168,103,42,0
1168,104,42,0
1168,105,42,0
1168,106,42,0
1168,107,42,0
1168,108,42,0
1168,109,42,0
1168,110,42,1
1168,111,42,0
1168,0,43,0
1168,1,43,0
1168,2,43,0
1168,3,43,1
1168,4,43,0
1168,5,43,1
1168,6,43,0
1168,7,43,1
1168,8,43,1
1168,9,43,0
1168,10,43,0
1168,11,43,0
1168,12,43,0
1168,13,43,0
1168,14,43,0
1168,15,43,0
1168,16,43,0
1168,17,43,0
1168,18,43,0
1168,19,43,0
1168,20,43,0
1168,21,43,0
1168,22,43,0
1168,23,43,0
1168,24,43,0
1168,25,43,0
1168,26,43,0
1168,27,43,0
1168,28,43,0
1168,29,43,0
1168,30,43,0
1168,31,43,0
1168,32,43,0
1168,33,43,0
1168,34,43,0
1168,35,43,1
1168,36,43,0
1168,37,43,0
1168,38,43,0
1168,39,43,1
1168,40,43,0
1168,41,43,0
1168,42,43,0
1168,43,43,0
1168,44,43,0
1168,45,43,0
1168,46,43,0
1168,47,43,0
1168,48,43,0
1168,49,43,0
1168,50,43,0
1168,51,43,0
1168,52,43,0
1168,53,43,0
1168,54,43,0
1168,55,43,0
1168,56,43,0
1168,57,43,0
1168,58,43,0
1168,59,43,0
1168,60,43,0
1168,61,43,1
1168,62,43,0
1168,63,43,0
1168,64,43,0
1168,65,43,0
1168,66,43,0
1168,67,43,0
1168,68,43,0
1168,69,43,0
1168,70,43,0
1168,71,43,0
1168,72,43,0
1168,73,43,0
1168,74,43,0
1168,75,43,0
1168,76,43,0
1168,77,43,0
1168,78,43,0
1168,79,43,0
1168,80,43,0
1168,81,43,0
1168,82,43,0
1168,83,43,0
1168,84,43,0
1168,85,43,0
1168,86,43,0
1168,87,43,0
1168,88,43,0
1168,89,43,0
1168,90,43,0
1168,91,43,0
1168,92,43,0
1168,93,43,0
1168,94,43,0
1168,95,43,0
1168,96,43,0
1168,97,43,0
1168,98,43,0
1168,99,43,1
1168,100,43,0
1168,101,43,0
1168,102,43,0
1168,103,43,0
1168,104,43,0
1168,105,43,0
1168,106,43,0
1168,107,43,0
1168,108,43,0
1168,109,43,0
1168,110,43,0
1168,111,43,0
1168,0,44,0
1168,1,44,0
1168,2,44,0
1168,3,44,0
1168,4,44,0
1168,5,44,0
1168,6,44,0
1168,7,44,1
1168,8,44,1
1168,9,44,0
1168,10,44,0
1168,11,44,0
1168,12,44,0
1168,13,44,0
1168,14,44,0
1168,15,44,0
1168,16,44,0
1168,17,44,0
1168,18,44,0
1168,19,44,0
1168,20,44,0
1168,21,44,0
1168,22,44,0
1168,23,44,0
1168,24,44,0
1168,25,44,0
1168,26,44,0
1168,27,44,0
1168,28,44,1
1168,29,44,0
1168,30,44,0
1168,31,44,0
1168,32,44,0
1168,33,44,0
1168,34,44,0
1168,35,44,0
1168,36,44,1
1168,37,44,0
1168,38,44,0
1168,39,44,0
1168,40,44,0
1168,41,44,0
1168,42,44,0
1168,43,44,0
1168,44,44,0
1168,45,44,0
1168,46,44,0
1168,47,44,0
1168,48,44,0
1168,49,44,0
1168,50,44,0
1168,51,44,0
1168,52,44,0
1168,53,44,0
1168,54,44,0
1168,55,44,0
1168,56,44,0
1168,57,44,0
1168,58,44,0
1168,59,44,0
1168,60,44,0
1168,61,44,0
1168,62,44,0
1168,63,44,0
1168,64,44,0
1168,65,44,0
1168,66,44,0
1168,67,44,0
1168,68,44,0
1168,69,44,0
1168,70,44,0
1168,71,44,0
1168,72,44,0
1168,73,44,0
1168,74,44,0
1168,75,44,0
1168,76,44,0
1168,77,44,0
1168,78,44,0
1168,79,44,0
1168,80,44,0
1168,81,44,0
1168,82,44,0
1168,83,44,0
1168,84,44,0
1168,85,44,0
1168,86,44,0
1168,87,44,0
1168,88,44,0
1168,89,44,0
1168,90,44,0
1168,91,44,0
1168,92,44,0
1168,93,44,0
1168,94,44,0
1168,95,44,0
1168,96,44,0
1168,97,44,0
1168,98,44,0
1168,99,44,0
1168,100,44,0
1168,101,44,0
1168,102,44,0
1168,103,44,0
1168,104,44,0
1168,105,44,0
1168,106,44,0
1168,107,44,0
1168,108,44,0
1168,109,44,0
1168,110,44,0
1168,111,44,0
1168,0,45,0
1168,1,45,0
1168,2,45,0
1168,3,45,0
1168,4,45,0
1168,5,45,0
1168,6,45,0
1168,7,45,0
1168,8,45,1
1168,9,45,0
1168,10,45,0
1168,11,45,0
1168,12,45,0
1168,13,45,0
1168,14,45,0
1168,15,45,0
1168,16,45,0
1168,17,45,0
1168,18,45,0
1168,19,45,0
1168,20,45,0
1168,21,45,0
1168,22,45,0
1168,23,45,0
1168,24,45,0
1168,25,45,0
1168,26,45,0
1168,27,45,0
1168,28,45,0
1168,29,45,0
1168,30,45,0
1168,31,45,0
1168,32,45,0
1168,33,45,0
1168,34,45,0
1168,35,45,0
1168,36,45,0
1168,37,45,1
1168,38,45,0
1168,39,45,0
1168,40,45,0
1168,41,45,0
1168,42,45,0
1168,43,45,0
1168,44,45,0
1168,45,45,1
1168,46,45,1
1168,47,45,0
1168,48,45,0
1168,49,45,0
1168,50,45,0
1168,51,45,0
1168,52,45,0
1168,53,45,1
1168,54,45,0
1168,55,45,0
1168,56,45,0
1168,57,45,0
1168,58,45,0
1168,59,45,0
1168,60,45,0
1168,61,45,0
1168,62,45,0
1168,63,45,0
1168,64,45,0
1168,65,45,0
1168,66,45,0
1168,67,45,0
1168,68,45,1
1168,69,45,0
1168,70,45,0
1168,71,45,1
1168,72,45,0
1168,73,45,0
1168,74,45,0
1168,75,45,0
1168,76,45,0
1168,77,45,0
1168,78,45,0
1168,79,45,0
1168,80,45,1
1168,81,45,0
1168,82,45,0
1168,83,45,0
1168,84,45,0
1168,85,45,0
1168,86,45,0
1168,87,45,0
1168,88,45,0
1168,89,45,0
1168,90,45,0
1168,91,45,0
1168,92,45,0
1168,93,45,0
1168,94,45,0
1168,95,45,0
1168,96,45,0
1168,97,45,0
1168,98,45,0
1168,99,45,0
1168,100,45,0
1168,101,45,0
1168,102,45,0
1168,103,45,0
1168,104,45,0
1168,105,45,0
1168,106,45,0
1168,107,45,0
1168,108,45,0
1168,109,45,0
1168,110,45,0
1168,111,45,0
1168,0,46,0
1168,1,46,0
1168,2,46,0
1168,3,46,0
1168,4,46,0
1168,5,46,0
1168,6,46,0
1168,7,46,0
1168,8,46,1
1168,9,46,0
1168,10,46,0
1168,11,46,0
1168,12,46,0
1168,13,46,0
1168,14,46,0
1168,15,46,0
1168,16,46,0
1168,17,46,0
1168,18,46,0
1168,19,46,0
1168,20,46,0
1168,21,46,0
1168,22,46,0
1168,23,46,0
1168,24,46,0
1168,25,46,0
1168,26,46,0
1168,27,46,0
1168,28,46,0
1168,29,46,0
1168,30,46,0
1168,31,46,0
1168,32,46,0
1168,33,46,0
1168,34,46,1
1168,35,46,0
1168,36,46,0
1168,37,46,0
1168,38,46,1
1168,39,46,0
1168,40,46,0
1168,41,46,1
1168,42,46,0
1168,43,46,0
1168,44,46,0
1168,45,46,0
1168,46,46,0
1168,47,46,0
1168,48,46,0
1168,49,46,0
1168,50,46,0
1168,51,46,0
1168,52,46,0
1168,53,46,0
1168,54,46,0
1168,55,46,0
1168,56,46,0
1168,57,46,0
1168,58,46,0
1168,59,46,0
1168,60,46,0
1168,61,46,0
1168,62,46,0
1168,63,46,0
1168,64,46,0
1168,65,46,1
1168,66,46,0
1168,67,46,0
1168,68,46,0
1168,69,46,0
1168,70,46,0
1168,71,46,0
1168,72,46,0
1168,73,46,0
1168,74,46,0
1168,75,46,0
1168,76,46,0
1168,77,46,0
1168,78,46,0
1168,79,46,0
1168,80,46,0
1168,81,46,0
1168,82,46,0
1168,83,46,0
1168,84,46,0
1168,85,46,0
1168,86,46,0
1168,87,46,0
1168,88,46,0
1168,89,46,1
1168,90,46,0
1168,91,46,0
1168,92,46,0
1168,93,46,0
1168,94,46,0
1168,95,46,0
1168,96,46,0
1168,97,46,0
1168,98,46,0
1168,99,46,0
1168,100,46,0
1168,101,46,0
1168,102,46,1
1168,103,46,0
1168,104,46,0
1168,105,46,0
1168,106,46,0
1168,107,46,0
1168,108,46,0
1168,109,46,0
1168,110,46,0
1168,111,46,0
1168,0,47,0
1168,1,47,0
1168,2,47,0
1168,3,47,0
1168,4,47,0
1168,5,47,0
1168,6,47,0
1168,7,47,0
1168,8,47,1
1168,9,47,0
1168,10,47,0
1168,11,47,0
1168,12,47,0
1168,13,47,0
1168,14,47,0
1168,15,47,1
1168,16,47,0
1168,17,47,0
1168,18,47,0
1168,19,47,0
1168,20,47,0
1168,21,47,0
1168,22,47,0
1168,23,47,0
1168,24,47,0
1168,25,47,0
1168,26,47,0
1168,27,47,0
1168,28,47,0
1168,29,47,0
1168,30,47,0
1168,31,47,0
1168,32,47,0
1168,33,47,0
1168,34,47,0
1168,35,47,0
1168,36,47,0
1168,37,47,0
1168,38,47,0
1168,39,47,1
1168,40,47,0
1168,41,47,1
1168,42,47,0
1168,43,47,0
1168,44,47,0
1168,45,47,0
1168,46,47,0
1168,47,47,0
1168,48,47,0
1168,49,47,0
1168,50,47,0
1168,51,47,0
1168,52,47,1
1168,53,47,0
1168,54,47,0
1168,55,47,0
1168,56,47,0
1168,57,47,0
1168,58,47,0
1168,59,47,0
1168,60,47,0
1168,61,47,0
1168,62,47,0
1168,63,47,0
1168,64,47,0
1168,65,47,0
1168,66,47,0
1168,67,47,0
1168,68,47,0
1168,69,47,0
1168,70,47,0
1168,71,47,0
1168,72,47,0
1168,73,47,0
1168,74,47,0
1168,75,47,0
1168,76,47,0
1168,77,47,0
1168,78,47,0
1168,79,47,0
1168,80,47,0
1168,81,47,0
1168,82,47,0
1168,83,47,0
1168,84,47,0
1168,85,47,1
1168,86,47,0
1168,87,47,0
1168,88,47,0
1168,89,47,0
1168,90,47,0
1168,91,47,0
1168,92,47,0
1168,93,47,0
1168,94,47,1
1168,95,47,0
1168,96,47,0
1168,97,47,0
1168,98,47,0
1168,99,47,0
1168,100,47,0
1168,101,47,0
1168,102,47,0
1168,103,47,0
1168,104,47,0
1168,105,47,0
1168,106,47,0
1168,107,47,0
1168,108,47,0
1168,109,47,0
1168,110,47,0
1168,111,47,0
1168,0,48,0
1168,1,48,0
1168,2,48,0
1168,3,48,0
1168,4,48,0
1168,5,48,0
1168,6,48,0
1168,7,48,0
1168,8,48,1
1168,9,48,0
1168,10,48,0
1168,11,48,0
1168,12,48,0
1168,13,48,0
1168,14,48,0
1168,15,48,0
1168,16,48,0
1168,17,48,0
1168,18,48,0
1168,19,48,0
1168,20,48,0
1168,21,48,0
1168,22,48,0
1168,23,48,0
1168,24,48,0
1168,25,48,0
1168,26,48,0
1168,27,48,0
1168,28,48,0
1168,29,48,0
1168,30,48,0
1168,31,48,0
1168,32,48,0
1168,33,48,0
1168,34,48,0
1168,35,48,0
1168,36,48,0
1168,37,48,0
1168,38,48,0
1168,39,48,0
1168,40,48,1
1168,41,48,0
1168,42,48,0
1168,43,48,0
1168,44,48,0
1168,45,48,0
1168,46,48,0
1168,47,48,0
1168,48,48,0
1168,49,48,0
1168,50,48,0
1168,51,48,0
1168,52,48,0
1168,53,48,0
1168,54,48,0
1168,55,48,0
1168,56,48,0
1168,57,48,0
1168,58,48,0
1168,59,48,0
1168,60,48,0
1168,61,48,0
1168,62,48,0
1168,63,48,0
1168,64,48,0
1168,65,48,0
1168,66,48,0
1168,67,48,0
1168,68,48,0
1168,69,48,0
1168,70,48,0
1168,71,48,0
1168,72,48,0
1168,73,48,0
1168,74,48,0
1168,75,48,0
1168,76,48,1
1168,77,48,0
1168,78,48,0
1168,79,48,0
1168,80,48,0
1168,81,48,0
1168,82,48,0
1168,83,48,0
1168,84,48,0
1168,85,48,0
1168,86,48,0
1168,87,48,0
1168,88,48,0
1168,89,48,0
1168,90,48,0
1168,91,48,0
1168,92,48,0
1168,93,48,0
1168,94,48,0
1168,95,48,0
1168,96,48,0
1168,97,48,0
1168,98,48,0
1168,99,48,0
1168,100,48,0
1168,101,48,0
1168,102,48,0
1168,103,48,0
1168,104,48,0
1168,105,48,0
1168,106,48,0
1168,107,48,0
1168,108,48,0
1168,109,48,0
1168,110,48,0
1168,111,48,0
1168,0,49,0
1168,1,49,0
1168,2,49,0
1168,3,49,0
1168,4,49,0
1168,5,49,1
1168,6,49,0
1168,7,49,0
1168,8,49,1
1168,9,49,0
1168,10,49,0
1168,11,49,0
1168,12,49,0
1168,13,49,0
1168,14,49,0
1168,15,49,0
1168,16,49,0
1168,17,49,0
1168,18,49,0
1168,19,49,0
1168,20,49,0
1168,21,49,0
1168,22,49,0
1168,23,49,0
1168,24,49,0
1168,25,49,0
1168,26,49,0
1168,27,49,0
1168,28,49,0
1168,29,49,0
1168,30,49,0
1168,31,49,0
1168,32,49,1
1168,33,49,0
1168,34,49,0
1168,35,49,0
1168,36,49,0
1168,37,49,0
1168,38,49,0
1168,39,49,0
1168,40,49,0
1168,41,49,1
1168,42,49,0
1168,43,49,0
1168,44,49,0
1168,45,49,0
1168,46,49,0
1168,47,49,0
1168,48,49,0
1168,49,49,0
1168,50,49,0
1168,51,49,0
1168,52,49,0
1168,53,49,0
1168,54,49,0
1168,55,49,0
1168,56,49,0
1168,57,49,0
1168,58,49,0
1168,59,49,0
1168,60,49,0
1168,61,49,0
1168,62,49,0
1168,63,49,0
1168,64,49,0
1168,65,49,0
1168,66,49,0
1168,67,49,0
1168,68,49,0
1168,69,49,0
1168,70,49,0
1168,71,49,0
1168,72,49,0
1168,73,49,1
1168,74,49,0
1168,75,49,0
1168,76,49,0
1168,77,49,0
1168,78,49,0
1168,79,49,0
1168,80,49,0
1168,81,49,0
1168,82,49,0
1168,83,49,0
1168,84,49,0
1168,85,49,0
1168,86,49,0
1168,87,49,0
1168,88,49,0
1168,89,49,0
1168,90,49,0
1168,91,49,0
1168,92,49,0
1168,93,49,0
1168,94,49,0
1168,95,49,0
1168,96,49,0
1168,97,49,0
1168,98,49,0
1168,99,49,0
1168,100,49,0
1168,101,49,0
1168,102,49,0
1168,103,49,0
1168,104,49,0
1168,105,49,1
1168,106,49,0
1168,107,49,0
1168,108,49,0
1168,109,49,0
1168,110,49,0
1168,111,49,0
1168,0,50,0
1168,1,50,0
1168,2,50,0
1168,3,50,0
1168,4,50,0
1168,5,50,1
1168,6,50,0
1168,7,50,0
1168,8,50,1
1168,9,50,0
1168,10,50,0
1168,11,50,0
1168,12,50,0
1168,13,50,0
1168,14,50,1
1168,15,50,0
1168,16,50,0
1168,17,50,0
1168,18,50,0
1168,19,50,0
1168,20,50,0
1168,21,50,0
1168,22,50,0
1168,23,50,0
1168,24,50,0
1168,25,50,0
1168,26,50,0
1168,27,50,0
1168,28,50,0
1168,29,50,0
1168,30,50,0
1168,31,50,0
1168,32,50,0
1168,33,50,0
1168,34,50,0
1168,35,50,0
1168,36,50,0
1168,37,50,0
1168,38,50,0
1168,39,50,0
1168,40,50,0
1168,41,50,0
1168,42,50,1
1168,43,50,1
1168,44,50,0
1168,45,50,1
1168,46,50,0
1168,47,50,0
1168,48,50,0
1168,49,50,0
1168,50,50,0
1168,51,50,0
1168,52,50,0
1168,53,50,0
1168,54,50,0
1168,55,50,0
1168,56,50,0
1168,57,50,0
1168,58,50,0
1168,59,50,0
1168,60,50,0
1168,61,50,0
1168,62,50,0
1168,63,50,0
1168,64,50,0
1168,65,50,0
1168,66,50,1
1168,67,50,0
1168,68,50,0
1168,69,50,0
1168,70,50,0
1168,71,50,0
1168,72,50,0
1168,73,50,0
1168,74,50,0
1168,75,50,0
1168,76,50,0
1168,77,50,0
1168,78,50,0
1168,79,50,0
1168,80,50,0
1168,81,50,0
1168,82,50,0
1168,83,50,0
1168,84,50,0
1168,85,50,0
1168,86,50,0
1168,87,50,0
1168,88,50,0
1168,89,50,0
1168,90,50,0
1168,91,50,0
1168,92,50,0
1168,93,50,0
1168,94,50,0
1168,95,50,0
1168,96,50,0
1168,97,50,0
1168,98,50,0
1168,99,50,0
1168,100,50,0
1168,101,50,0
1168,102,50,0
1168,103,50,0
1168,104,50,0
1168,105,50,0
1168,106,50,0
1168,107,50,0
1168,108,50,0
1168,109,50,0
1168,110,50,0
1168,111,50,0
1168,0,51,0
1168,1,51,0
1168,2,51,0
1168,3,51,0
1168,4,51,0
1168,5,51,0
1168,6,51,1
1168,7,51,0
1168,8,51,1
1168,9,51,1
1168,10,51,0
1168,11,51,0
1168,12,51,0
1168,13,51,0
1168,14,51,0
1168,15,51,0
1168,16,51,0
1168,17,51,0
1168,18,51,0
1168,19,51,0
1168,20,51,0
1168,21,51,0
1168,22,51,0
1168,23,51,0
1168,24,51,0
1168,25,51,0
1168,26,51,0
1168,27,51,0
1168,28,51,0
1168,29,51,0
1168,30,51,1
1168,31,51,0
1168,32,51,0
1168,33,51,0
1168,34,51,0
1168,35,51,0
1168,36,51,0
1168,37,51,0
1168,38,51,0
1168,39,51,0
1168,40,51,0
1168,41,51,0
1168,42,51,0
1168,43,51,1
1168,44,51,0
1168,45,51,0
1168,46,51,0
1168,47,51,0
1168,48,51,0
1168,49,51,0
1168,50,51,0
1168,51,51,0
1168,52,51,0
1168,53,51,0
1168,54,51,0
1168,55,51,0
1168,56,51,0
1168,57,51,0
1168,58,51,0
1168,59,51,0
1168,60,51,0
1168,61,51,0
1168,62,51,0
1168,63,51,0
1168,64,51,0
1168,65,51,0
1168,66,51,0
1168,67,51,0
1168,68,51,0
1168,69,51,0
1168,70,51,0
1168,71,51,0
1168,72,51,0
1168,73,51,0
1168,74,51,0
1168,75,51,0
1168,76,51,0
1168,77,51,0
1168,78,51,0
1168,79,51,0
1168,80,51,0
1168,81,51,0
1168,82,51,0
1168,83,51,0
1168,84,51,0
1168,85,51,0
1168,86,51,0
1168,87,51,0
1168,88,51,0
1168,89,51,0
1168,90,51,0
1168,91,51,0
1168,92,51,0
1168,93,51,0
1168,94,51,0
1168,95,51,0
1168,96,51,0
1168,97,51,0
1168,98,51,0
1168,99,51,0
1168,100,51,0
1168,101,51,0
1168,102,51,0
1168,103,51,0
1168,104,51,0
1168,105,51,1
1168,106,51,0
1168,107,51,0
1168,108,51,0
1168,109,51,0
1168,110,51,1
1168,111,51,0
1168,0,52,0
1168,1,52,0
1168,2,52,0
1168,3,52,0
1168,4,52,0
1168,5,52,0
1168,6,52,0
1168,7,52,0
1168,8,52,1
1168,9,52,0
1168,10,52,1
1168,11,52,0
1168,12,52,0
1168,13,52,0
1168,14,52,0
1168,15,52,0
1168,16,52,0
1168,17,52,0
1168,18,52,0
1168,19,52,0
1168,20,52,0
1168,21,52,0
1168,22,52,0
1168,23,52,0
1168,24,52,0
1168,25,52,0
1168,26,52,0
1168,27,52,0
1168,28,52,0
1168,29,52,0
1168,30,52,0
1168,31,52,0
1168,32,52,0
1168,33,52,0
1168,34,52,0
1168,35,52,0
1168,36,52,0
1168,37,52,0
1168,38,52,0
1168,39,52,0
1168,40,52,0
1168,41,52,0
1168,42,52,0
1168,43,52,0
1168,44,52,1
1168,45,52,0
1168,46,52,0
1168,47,52,0
1168,48,52,0
1168,49,52,0
1168,50,52,0
1168,51,52,0
1168,52,52,0
1168,53,52,0
1168,54,52,0
1168,55,52,0
1168,56,52,1
1168,57,52,0
1168,58,52,0
1168,59,52,0
1168,60,52,0
1168,61,52,0
1168,62,52,0
1168,63,52,0
1168,64,52,0
1168,65,52,0
1168,66,52,0
1168,67,52,0
1168,68,52,0
1168,69,52,0
1168,70,52,0
1168,71,52,0
1168,72,52,0
1168,73,52,0
1168,74,52,0
1168,75,52,0
1168,76,52,0
1168,77,52,0
1168,78,52,0
1168,79,52,0
1168,80,52,0
1168,81,52,0
1168,82,52,0
1168,83,52,0
1168,84,52,0
1168,85,52,0
1168,86,52,0
1168,87,52,0
1168,88,52,0
1168,89,52,0
1168,90,52,0
1168,91,52,0
1168,92,52,0
1168,93,52,0
1168,94,52,0
1168,95,52,0
1168,96,52,0
1168,97,52,0
1168,98,52,0
1168,99,52,0
1168,100,52,0
1168,101,52,0
1168,102,52,0
1168,103,52,0
1168,104,52,0
1168,105,52,0
1168,106,52,0
1168,107,52,0
1168,108,52,0
1168,109,52,0
1168,110,52,0
1168,111,52,1
1168,0,53,0
1168,1,53,0
1168,2,53,0
1168,3,53,0
1168,4,53,0
1168,5,53,0
1168,6,53,0
1168,7,53,0
1168,8,53,1
1168,9,53,0
1168,10,53,0
1168,11,53,0
1168,12,53,0
1168,13,53,0
1168,14,53,0
1168,15,53,0
1168,16,53,0
1168,17,53,0
1168,18,53,0
1168,19,53,0
1168,20,53,0
1168,21,53,0
1168,22,53,0
1168,23,53,0
1168,24,53,0
1168,25,53,0
1168,26,53,0
1168,27,53,0
1168,28,53,0
1168,29,53,0
1168,30,53,0
1168,31,53,0
1168,32,53,0
1168,33,53,0
1168,34,53,0
1168,35,53,0
1168,36,53,0
1168,37,53,0
1168,38,53,0
1168,39,53,0
1168,40,53,0
1168,41,53,0
1168,42,53,0
1168,43,53,0
1168,44,53,0
1168,45,53,1
1168,46,53,1
1168,47,53,0
1168,48,53,0
1168,49,53,0
1168,50,53,0
1168,51,53,0
1168,52,53,0
1168,53,53,0
1168,54,53,0
1168,55,53,0
1168,56,53,1
1168,57,53,0
1168,58,53,0
1168,59,53,0
1168,60,53,0
1168,61,53,0
1168,62,53,0
1168,63,53,0
1168,64,53,0
1168,65,53,0
1168,66,53,0
1168,67,53,0
1168,68,53,0
1168,69,53,0
1168,70,53,0
1168,71,53,0
1168,72,53,0
1168,73,53,0
1168,74,53,1
1168,75,53,0
1168,76,53,0
1168,77,53,0
1168,78,53,0
1168,79,53,1
1168,80,53,0
1168,81,53,0
1168,82,53,0
1168,83,53,0
1168,84,53,0
1168,85,53,0
1168,86,53,0
1168,87,53,0
1168,88,53,0
1168,89,53,0
1168,90,53,0
1168,91,53,0
1168,92,53,0
1168,93,53,0
1168,94,53,0
1168,95,53,0
1168,96,53,0
1168,97,53,0
1168,98,53,0
1168,99,53,0
1168,100,53,0
1168,101,53,0
1168,102,53,0
1168,103,53,0
1168,104,53,0
1168,105,53,0
1168,106,53,0
1168,107,53,0
1168,108,53,1
1168,109,53,0
1168,110,53,0
1168,111,53,0
1168,0,54,0
1168,1,54,0
1168,2,54,0
1168,3,54,0
1168,4,54,0
1168,5,54,1
1168,6,54,0
1168,7,54,0
1168,8,54,1
1168,9,54,0
1168,10,54,0
1168,11,54,0
1168,12,54,0
1168,13,54,0
1168,14,54,0
1168,15,54,0
1168,16,54,0
1168,17,54,0
1168,18,54,0
1168,19,54,0
1168,20,54,0
1168,21,54,0
1168,22,54,0
1168,23,54,0
1168,24,54,0
1168,25,54,0
1168,26,54,0
1168,27,54,0
1168,28,54,0
1168,29,54,0
1168,30,54,0
1168,31,54,0
1168,32,54,0
1168,33,54,0
1168,34,54,0
1168,35,54,0
1168,36,54,0
1168,37,54,0
1168,38,54,0
1168,39,54,0
1168,40,54,0
1168,41,54,0
1168,42,54,1
1168,43,54,0
1168,44,54,0
1168,45,54,0
1168,46,54,1
1168,47,54,0
1168,48,54,0
1168,49,54,0
1168,50,54,0
1168,51,54,0
1168,52,54,0
1168,53,54,0
1168,54,54,1
1168,55,54,0
1168,56,54,0
1168,57,54,0
1168,58,54,0
1168,59,54,0
1168,60,54,0
1168,61,54,0
1168,62,54,0
1168,63,54,0
1168,64,54,0
1168,65,54,0
1168,66,54,0
1168,67,54,0
1168,68,54,0
1168,69,54,0
1168,70,54,1
1168,71,54,0
1168,72,54,0
1168,73,54,0
1168,74,54,0
1168,75,54,0
1168,76,54,0
1168,77,54,0
1168,78,54,0
1168,79,54,0
1168,80,54,0
1168,81,54,0
1168,82,54,0
1168,83,54,0
1168,84,54,0
1168,85,54,0
1168,86,54,0
1168,87,54,0
1168,88,54,0
1168,89,54,0
1168,90,54,0
1168,91,54,0
1168,92,54,0
1168,93,54,0
1168,94,54,0
1168,95,54,0
1168,96,54,0
1168,97,54,0
1168,98,54,0
1168,99,54,0
1168,100,54,0
1168,101,54,0
1168,102,54,0
1168,103,54,1
1168,104,54,0
1168,105,54,0
1168,106,54,0
1168,107,54,0
1168,108,54,0
1168,109,54,0
1168,110,54,0
1168,111,54,0
1168,0,55,0
1168,1,55,0
1168,2,55,0
1168,3,55,0
1168,4,55,0
1168,5,55,0
1168,6,55,0
1168,7,55,0
1168,8,55,1
1168,9,55,0
1168,10,55,0
1168,11,55,0
1168,12,55,0
1168,13,55,0
1168,14,55,0
1168,15,55,0
1168,16,55,0
1168,17,55,0
1168,18,55,0
1168,19,55,1
1168,20,55,0
1168,21,55,1
1168,22,55,0
1168,23,55,0
1168,24,55,0
1168,25,55,0
1168,26,55,1
1168,27,55,0
1168,28,55,0
1168,29,55,0
1168,30,55,0
1168,31,55,0
1168,32,55,1
1168,33,55,0
1168,34,55,0
1168,35,55,0
1168,36,55,0
1168,37,55,0
1168,38,55,0
1168,39,55,0
1168,40,55,0
1168,41,55,0
1168,42,55,0
1168,43,55,0
1168,44,55,0
1168,45,55,0
1168,46,55,0
1168,47,55,1
1168,48,55,1
1168,49,55,0
1168,50,55,0
1168,51,55,0
1168,52,55,0
1168,53,55,0
1168,54,55,0
1168,55,55,0
1168,56,55,0
1168,57,55,0
1168,58,55,0
1168,59,55,0
1168,60,55,0
1168,61,55,0
1168,62,55,0
1168,63,55,0
1168,64,55,0
1168,65,55,0
1168,66,55,0
1168,67,55,0
1168,68,55,0
1168,69,55,0
1168,70,55,0
1168,71,55,0
1168,72,55,0
1168,73,55,0
1168,74,55,0
1168,75,55,0
1168,76,55,0
1168,77,55,0
1168,78,55,0
1168,79,55,0
1168,80,55,0
1168,81,55,0
1168,82,55,0
1168,83,55,0
1168,84,55,0
1168,85,55,0
1168,86,55,0
1168,87,55,0
1168,88,55,0
1168,89,55,0
1168,90,55,0
1168,91,55,0
1168,92,55,0
1168,93,55,0
1168,94,55,0
1168,95,55,0
1168,96,55,0
1168,97,55,0
1168,98,55,0
1168,99,55,0
1168,100,55,0
1168,101,55,0
1168,102,55,0
1168,103,55,0
1168,104,55,1
1168,105,55,0
1168,106,55,0
1168,107,55,0
1168,108,55,0
1168,109,55,0
1168,110,55,0
1168,111,55,0
1168,0,56,0
1168,1,56,0
1168,2,56,0
1168,3,56,0
1168,4,56,0
1168,5,56,0
1168,6,56,0
1168,7,56,0
1168,8,56,1
1168,9,56,0
1168,10,56,0
1168,11,56,0
1168,12,56,0
1168,13,56,0
1168,14,56,0
1168,15,56,0
1168,16,56,0
1168,17,56,0
1168,18,56,1
1168,19,56,0
1168,20,56,0
1168,21,56,0
1168,22,56,0
1168,23,56,0
1168,24,56,0
1168,25,56,0
1168,26,56,0
1168,27,56,0
1168,28,56,0
1168,29,56,0
1168,30,56,0
1168,31,56,0
1168,32,56,0
1168,33,56,0
1168,34,56,0
1168,35,56,0
1168,36,56,0
1168,37,56,0
1168,38,56,0
1168,39,56,0
1168,40,56,0
1168,41,56,0
1168,42,56,0
1168,43,56,0
1168,44,56,0
1168,45,56,0
1168,46,56,0
1168,47,56,0
1168,48,56,1
1168,49,56,0
1168,50,56,0
1168,51,56,0
1168,52,56,0
1168,53,56,0
1168,54,56,0
1168,55,56,0
1168,56,56,0
1168,57,56,0
1168,58,56,0
1168,59,56,0
1168,60,56,0
1168,61,56,0
1168,62,56,0
1168,63,56,0
1168,64,56,0
1168,65,56,0
1168,66,56,0
1168,67,56,0
1168,68,56,0
1168,69,56,0
1168,70,56,0
1168,71,56,0
1168,72,56,0
1168,73,56,0
1168,74,56,0
1168,75,56,0
1168,76,56,1
1168,77,56,0
1168,78,56,0
1168,79,56,0
1168,80,56,1
1168,81,56,0
1168,82,56,0
1168,83,56,0
1168,84,56,0
1168,85,56,0
1168,86,56,0
1168,87,56,0
1168,88,56,0
1168,89,56,0
1168,90,56,0
1168,91,56,0
1168,92,56,0
1168,93,56,1
1168,94,56,0
1168,95,56,0
1168,96,56,0
1168,97,56,0
1168,98,56,0
1168,99,56,0
1168,100,56,0
1168,101,56,0
1168,102,56,0
1168,103,56,0
1168,104,56,0
1168,105,56,0
1168,106,56,0
1168,107,56,0
1168,108,56,0
1168,109,56,0
1168,110,56,0
1168,111,56,0
1168,0,57,0
1168,1,57,0
1168,2,57,0
1168,3,57,0
1168,4,57,0
1168,5,57,0
1168,6,57,0
1168,7,57,0
1168,8,57,1
1168,9,57,0
1168,10,57,0
1168,11,57,0
1168,12,57,0
1168,13,57,0
1168,14,57,0
1168,15,57,0
1168,16,57,0
1168,17,57,0
1168,18,57,0
1168,19,57,0
1168,20,57,0
1168,21,57,0
1168,22,57,0
1168,23,57,0
1168,24,57,0
1168,25,57,0
1168,26,57,0
1168,27,57,0
1168,28,57,0
1168,29,57,0
1168,30,57,0
1168,31,57,0
1168,32,57,0
1168,33,57,0
1168,34,57,0
1168,35,57,0
1168,36,57,0
1168,37,57,0
1168,38,57,0
1168,39,57,0
1168,40,57,0
1168,41,57,0
1168,42,57,0
1168,43,57,0
1168,44,57,0
1168,45,57,0
1168,46,57,0
1168,47,57,0
1168,48,57,0
1168,49,57,1
1168,50,57,0
1168,51,57,0
1168,52,57,0
1168,53,57,0
1168,54,57,0
1168,55,57,0
1168,56,57,0
1168,57,57,0
1168,58,57,0
1168,59,57,0
1168,60,57,0
1168,61,57,0
1168,62,57,0
1168,63,57,0
1168,64,57,0
1168,65,57,0
1168,66,57,0
1168,67,57,0
1168,68,57,0
1168,69,57,0
1168,70,57,0
1168,71,57,0
1168,72,57,0
1168,73,57,0
1168,74,57,0
1168,75,57,0
1168,76,57,0
1168,77,57,0
1168,78,57,1
1168,79,57,0
1168,80,57,0
1168,81,57,0
1168,82,57,1
1168,83,57,0
1168,84,57,0
1168,85,57,0
1168,86,57,0
1168,87,57,0
1168,88,57,0
1168,89,57,0
1168,90,57,0
1168,91,57,0
1168,92,57,0
1168,93,57,0
1168,94,57,0
1168,95,57,0
1168,96,57,0
1168,97,57,0
1168,98,57,0
1168,99,57,0
1168,100,57,0
1168,101,57,0
1168,102,57,0
1168,103,57,0
1168,104,57,0
1168,105,57,0
1168,106,57,0
1168,107,57,0
1168,108,57,1
1168,109,57,0
1168,110,57,0
1168,111,57,0
1168,0,58,0
1168,1,58,0
1168,2,58,1
1168,3,58,0
1168,4,58,0
1168,5,58,0
1168,6,58,0
1168,7,58,0
1168,8,58,1
1168,9,58,0
1168,10,58,0
1168,11,58,0
1168,12,58,0
1168,13,58,0
1168,14,58,0
1168,15,58,1
1168,16,58,0
1168,17,58,0
1168,18,58,0
1168,19,58,0
1168,20,58,0
1168,21,58,0
1168,22,58,0
1168,23,58,0
1168,24,58,0
1168,25,58,0
1168,26,58,0
1168,27,58,0
1168,28,58,0
1168,29,58,0
1168,30,58,0
1168,31,58,0
1168,32,58,0
1168,33,58,0
1168,34,58,0
1168,35,58,0
1168,36,58,0
1168,37,58,0
1168,38,58,0
1168,39,58,0
1168,40,58,0
1168,41,58,0
1168,42,58,0
1168,43,58,0
1168,44,58,0
1168,45,58,0
1168,46,58,1
1168,47,58,0
1168,48,58,0
1168,49,58,0
1168,50,58,1
1168,51,58,0
1168,52,58,0
1168,53,58,0
1168,54,58,0
1168,55,58,0
1168,56,58,0
1168,57,58,0
1168,58,58,0
1168,59,58,0
1168,60,58,1
1168,61,58,0
1168,62,58,0
1168,63,58,0
1168,64,58,0
1168,65,58,0
1168,66,58,0
1168,67,58,0
1168,68,58,0
1168,69,58,0
1168,70,58,0
1168,71,58,0
1168,72,58,0
1168,73,58,0
1168,74,58,0
1168,75,58,0
1168,76,58,0
1168,77,58,0
1168,78,58,0
1168,79,58,0
1168,80,58,0
1168,81,58,0
1168,82,58,0
1168,83,58,0
1168,84,58,0
1168,85,58,0
1168,86,58,0
1168,87,58,0
1168,88,58,0
1168,89,58,0
1168,90,58,0
1168,91,58,0
1168,92,58,0
1168,93,58,0
1168,94,58,0
1168,95,58,0
1168,96,58,0
1168,97,58,0
1168,98,58,0
1168,99,58,0
1168,100,58,0
1168,101,58,0
1168,102,58,0
1168,103,58,0
1168,104,58,0
1168,105,58,0
1168,106,58,0
1168,107,58,0
1168,108,58,0
1168,109,58,0
1168,110,58,0
1168,111,58,0
1168,0,59,0
1168,1,59,0
1168,2,59,0
1168,3,59,0
1168,4,59,0
1168,5,59,0
1168,6,59,0
1168,7,59,0
1168,8,59,1
1168,9,59,0
1168,10,59,0
1168,11,59,0
1168,12,59,0
1168,13,59,0
1168,14,59,0
1168,15,59,0
1168,16,59,0
1168,17,59,0
1168,18,59,0
1168,19,59,0
1168,20,59,0
1168,21,59,0
1168,22,59,0
1168,23,59,0
1168,24,59,0
1168,25,59,0
1168,26,59,0
1168,27,59,0
1168,28,59,0
1168,29,59,0
1168,30,59,0
1168,31,59,0
1168,32,59,0
1168,33,59,0
1168,34,59,0
1168,35,59,0
1168,36,59,1
1168,37,59,0
1168,38,59,0
1168,39,59,1
1168,40,59,0
1168,41,59,0
1168,42,59,0
1168,43,59,0
1168,44,59,0
1168,45,59,0
1168,46,59,0
1168,47,59,0
1168,48,59,0
1168,49,59,0
1168,50,59,0
1168,51,59,1
1168,52,59,0
1168,53,59,0
1168,54,59,0
1168,55,59,0
1168,56,59,0
1168,57,59,0
1168,58,59,0
1168,59,59,0
1168,60,59,0
1168,61,59,0
1168,62,59,0
1168,63,59,0
1168,64,59,0
1168,65,59,0
1168,66,59,0
1168,67,59,0
1168,68,59,0
1168,69,59,0
1168,70,59,0
1168,71,59,0
1168,72,59,0
1168,73,59,0
1168,74,59,0
1168,75,59,0
1168,76,59,0
1168,77,59,0
1168,78,59,0
1168,79,59,0
1168,80,59,0
1168,81,59,0
1168,82,59,0
1168,83,59,0
1168,84,59,0
1168,85,59,0
1168,86,59,0
1168,87,59,0
1168,88,59,0
1168,89,59,1
1168,90,59,0
1168,91,59,0
1168,92,59,1
1168,93,59,0
1168,94,59,1
1168,95,59,0
1168,96,59,0
1168,97,59,0
1168,98,59,0
1168,99,59,0
1168,100,59,0
1168,101,59,0
1168,102,59,0
1168,103,59,0
1168,104,59,0
1168,105,59,0
1168,106,59,0
1168,107,59,0
1168,108,59,1
1168,109,59,0
1168,110,59,0
1168,111,59,0
1168,0,60,0
1168,1,60,0
1168,2,60,0
1168,3,60,0
1168,4,60,0
1168,5,60,0
1168,6,60,0
1168,7,60,0
1168,8,60,1
1168,9,60,0
1168,10,60,0
1168,11,60,0
1168,12,60,0
1168,13,60,0
1168,14,60,0
1168,15,60,0
1168,16,60,0
1168,17,60,0
1168,18,60,0
1168,19,60,0
1168,20,60,0
1168,21,60,0
1168,22,60,0
1168,23,60,0
1168,24,60,0
1168,25,60,0
1168,26,60,0
1168,27,60,0
1168,28,60,0
1168,29,60,0
1168,30,60,0
1168,31,60,0
1168,32,60,0
1168,33,60,0
1168,34,60,0
1168,35,60,0
1168,36,60,0
1168,37,60,0
1168,38,60,0
1168,39,60,0
1168,40,60,0
1168,41,60,0
1168,42,60,0
1168,43,60,0
1168,44,60,0
1168,45,60,0
1168,46,60,0
1168,47,60,0
1168,48,60,1
1168,49,60,0
1168,50,60,0
1168,51,60,0
1168,52,60,1
1168,53,60,0
1168,54,60,0
1168,55,60,0
1168,56,60,0
1168,57,60,0
1168,58,60,0
1168,59,60,0
1168,60,60,0
1168,61,60,0
1168,62,60,0
1168,63,60,0
1168,64,60,0
1168,65,60,0
1168,66,60,1
1168,67,60,0
1168,68,60,0
1168,69,60,0
1168,70,60,0
1168,71,60,0
1168,72,60,0
1168,73,60,0
1168,74,60,0
1168,75,60,0
1168,76,60,0
1168,77,60,0
1168,78,60,0
1168,79,60,0
1168,80,60,0
1168,81,60,0
1168,82,60,0
1168,83,60,0
1168,84,60,0
1168,85,60,0
1168,86,60,0
1168,87,60,0
1168,88,60,1
1168,89,60,0
1168,90,60,0
1168,91,60,0
1168,92,60,0
1168,93,60,0
1168,94,60,0
1168,95,60,0
1168,96,60,0
1168,97,60,0
1168,98,60,0
1168,99,60,0
1168,100,60,0
1168,101,60,0
1168,102,60,0
1168,103,60,0
1168,104,60,0
1168,105,60,0
1168,106,60,0
1168,107,60,0
1168,108,60,0
1168,109,60,0
1168,110,60,0
1168,111,60,1
1168,0,61,0
1168,1,61,0
1168,2,61,0
1168,3,61,0
1168,4,61,0
1168,5,61,0
1168,6,61,0
1168,7,61,0
1168,8,61,1
1168,9,61,0
1168,10,61,0
1168,11,61,0
1168,12,61,0
1168,13,61,0
1168,14,61,0
1168,15,61,0
1168,16,61,0
1168,17,61,0
1168,18,61,0
1168,19,61,0
1168,20,61,0
1168,21,61,0
1168,22,61,0
1168,23,61,0
1168,24,61,0
1168,25,61,0
1168,26,61,0
1168,27,61,0
1168,28,61,0
1168,29,61,0
1168,30,61,0
1168,31,61,0
1168,32,61,0
1168,33,61,0
1168,34,61,0
1168,35,61,0
1168,36,61,0
1168,37,61,0
1168,38,61,0
1168,39,61,0
1168,40,61,0
1168,41,61,0
1168,42,61,0
1168,43,61,0
1168,44,61,0
1168,45,61,0
1168,46,61,0
1168,47,61,0
1168,48,61,0
1168,49,61,0
1168,50,61,0
1168,51,61,0
1168,52,61,0
1168,53,61,1
1168,54,61,0
1168,55,61,0
1168,56,61,0
1168,57,61,0
1168,58,61,0
1168,59,61,0
1168,60,61,0
1168,61,61,0
1168,62,61,0
1168,63,61,0
1168,64,61,0
1168,65,61,0
1168,66,61,0
1168,67,61,0
1168,68,61,0
1168,69,61,0
1168,70,61,0
1168,71,61,0
1168,72,61,0
1168,73,61,0
1168,74,61,0
1168,75,61,0
1168,76,61,0
1168,77,61,0
1168,78,61,0
1168,79,61,0
1168,80,61,0
1168,81,61,0
1168,82,61,0
1168,83,61,0
1168,84,61,0
1168,85,61,0
1168,86,61,0
1168,87,61,0
1168,88,61,0
1168,89,61,0
1168,90,61,0
1168,91,61,0
1168,92,61,0
1168,93,61,0
1168,94,61,0
1168,95,61,0
1168,96,61,0
1168,97,61,0
1168,98,61,0
1168,99,61,0
1168,100,61,0
1168,101,61,0
1168,102,61,0
1168,103,61,0
1168,104,61,0
1168,105,61,1
1168,106,61,1
1168,107,61,0
1168,108,61,0
1168,109,61,0
1168,110,61,0
1168,111,61,0
1168,0,62,0
1168,1,62,0
1168,2,62,0
1168,3,62,0
1168,4,62,0
1168,5,62,0
1168,6,62,0
1168,7,62,0
1168,8,62,0
1168,9,62,0
1168,10,62,0
1168,11,62,0
1168,12,62,0
1168,13,62,0
1168,14,62,0
1168,15,62,0
1168,16,62,0
1168,17,62,0
1168,18,62,0
1168,19,62,0
1168,20,62,0
1168,21,62,0
1168,22,62,0
1168,23,62,0
1168,24,62,0
1168,25,62,0
1168,26,62,0
1168,27,62,0
1168,28,62,0
1168,29,62,0
1168,30,62,0
1168,31,62,0
1168,32,62,0
1168,33,62,0
1168,34,62,0
1168,35,62,0
1168,36,62,0
1168,37,62,0
1168,38,62,0
1168,39,62,0
1168,40,62,0
1168,41,62,0
1168,42,62,0
1168,43,62,0
1168,44,62,0
1168,45,62,0
1168,46,62,0
1168,47,62,0
1168,48,62,0
1168,49,62,0
1168,50,62,0
1168,51,62,0
1168,52,62,0
1168,53,62,0
1168,54,62,1
1168,55,62,0
1168,56,62,0
1168,57,62,0
1168,58,62,0
1168,59,62,0
1168,60,62,0
1168,61,62,0
1168,62,62,0
1168,63,62,0
1168,64,62,0
1168,65,62,0
1168,66,62,0
1168,67,62,0
1168,68,62,0
1168,69,62,0
1168,70,62,0
1168,71,62,0
1168,72,62,0
1168,73,62,0
1168,74,62,0
1168,75,62,0
1168,76,62,0
1168,77,62,0
1168,78,62,0
1168,79,62,0
1168,80,62,0
1168,81,62,0
1168,82,62,0
1168,83,62,0
1168,84,62,0
1168,85,62,1
1168,86,62,0
1168,87,62,0
1168,88,62,0
1168,89,62,0
1168,90,62,0
1168,91,62,0
1168,92,62,0
1168,93,62,0
1168,94,62,0
1168,95,62,0
1168,96,62,0
1168,97,62,0
1168,98,62,0
1168,99,62,0
1168,100,62,0
1168,101,62,0
1168,102,62,0
1168,103,62,0
1168,104,62,0
1168,105,62,0
1168,106,62,0
1168,107,62,0
1168,108,62,0
1168,109,62,1
1168,110,62,0
1168,111,62,1
1168,0,63,0
1168,1,63,0
1168,2,63,1
1168,3,63,0
1168,4,63,0
1168,5,63,0
1168,6,63,0
1168,7,63,0
1168,8,63,0
1168,9,63,0
1168,10,63,1
1168,11,63,0
1168,12,63,0
1168,13,63,0
1168,14,63,0
1168,15,63,0
1168,16,63,0
1168,17,63,0
1168,18,63,0
1168,19,63,0
1168,20,63,0
1168,21,63,0
1168,22,63,0
1168,23,63,0
1168,24,63,1
1168,25,63,0
1168,26,63,0
1168,27,63,0
1168,28,63,0
1168,29,63,0
1168,30,63,0
1168,31,63,0
1168,32,63,0
1168,33,63,0
1168,34,63,0
1168,35,63,0
1168,36,63,0
1168,37,63,0
1168,38,63,0
1168,39,63,0
1168,40,63,0
1168,41,63,0
1168,42,63,0
1168,43,63,0
1168,44,63,0
1168,45,63,0
1168,46,63,0
1168,47,63,0
1168,48,63,0
1168,49,63,0
1168,50,63,0
1168,51,63,0
1168,52,63,0
1168,53,63,1
1168,54,63,0
1168,55,63,1
1168,56,63,0
1168,57,63,0
1168,58,63,0
1168,59,63,0
1168,60,63,0
1168,61,63,0
1168,62,63,0
1168,63,63,0
1168,64,63,0
1168,65,63,0
1168,66,63,0
1168,67,63,0
1168,68,63,0
1168,69,63,0
1168,70,63,0
1168,71,63,0
1168,72,63,0
1168,73,63,0
1168,74,63,0
1168,75,63,0
1168,76,63,0
1168,77,63,0
1168,78,63,0
1168,79,63,0
1168,80,63,0
1168,81,63,0
1168,82,63,0
1168,83,63,1
1168,84,63,0
1168,85,63,0
1168,86,63,0
1168,87,63,0
1168,88,63,0
1168,89,63,0
1168,90,63,0
1168,91,63,0
1168,92,63,0
1168,93,63,0
1168,94,63,0
1168,95,63,0
1168,96,63,0
1168,97,63,0
1168,98,63,0
1168,99,63,0
1168,100,63,0
1168,101,63,0
1168,102,63,0
1168,103,63,0
1168,104,63,0
1168,105,63,0
1168,106,63,0
1168,107,63,0
1168,108,63,0
1168,109,63,0
1168,110,63,0
1168,111,63,0
1168,0,64,0
1168,1,64,0
1168,2,64,0
1168,3,64,0
1168,4,64,1
1168,5,64,1
1168,6,64,0
1168,7,64,0
1168,8,64,0
1168,9,64,0
1168,10,64,1
1168,11,64,0
1168,12,64,0
1168,13,64,0
1168,14,64,0
1168,15,64,0
1168,16,64,0
1168,17,64,0
1168,18,64,0
1168,19,64,0
1168,20,64,0
1168,21,64,0
1168,22,64,1
1168,23,64,0
1168,24,64,0
1168,25,64,0
1168,26,64,0
1168,27,64,0
1168,28,64,0
1168,29,64,0
1168,30,64,0
1168,31,64,0
1168,32,64,0
1168,33,64,0
1168,34,64,0
1168,35,64,0
1168,36,64,0
1168,37,64,0
1168,38,64,0
1168,39,64,0
1168,40,64,0
1168,41,64,0
1168,42,64,0
1168,43,64,0
1168,44,64,0
1168,45,64,0
1168,46,64,0
1168,47,64,0
1168,48,64,0
1168,49,64,0
1168,50,64,0
1168,51,64,0
1168,52,64,0
1168,53,64,0
1168,54,64,0
1168,55,64,0
1168,56,64,0
1168,57,64,0
1168,58,64,0
1168,59,64,0
1168,60,64,0
1168,61,64,0
1168,62,64,0
1168,63,64,0
1168,64,64,0
1168,65,64,0
1168,66,64,0
1168,67,64,0
1168,68,64,0
1168,69,64,0
1168,70,64,0
1168,71,64,0
1168,72,64,0
1168,73,64,0
1168,74,64,0
1168,75,64,0
1168,76,64,0
1168,77,64,0
1168,78,64,0
1168,79,64,0
1168,80,64,0
1168,81,64,0
1168,82,64,0
1168,83,64,0
1168,84,64,0
1168,85,64,0
1168,86,64,0
1168,87,64,0
1168,88,64,0
1168,89,64,1
1168,90,64,0
1168,91,64,0
1168,92,64,0
1168,93,64,0
1168,94,64,0
1168,95,64,0
1168,96,64,0
1168,97,64,0
1168,98,64,0
1168,99,64,0
1168,100,64,0
1168,101,64,0
1168,102,64,0
1168,103,64,0
1168,104,64,0
1168,105,64,0
1168,106,64,0
1168,107,64,0
1168,108,64,0
1168,109,64,0
1168,110,64,0
1168,111,64,0
1168,0,65,0
1168,1,65,0
1168,2,65,0
1168,3,65,0
1168,4,65,0
1168,5,65,1
1168,6,65,0
1168,7,65,0
1168,8,65,0
1168,9,65,0
1168,10,65,0
1168,11,65,0
1168,12,65,0
1168,13,65,0
1168,14,65,0
1168,15,65,0
1168,16,65,0
1168,17,65,0
1168,18,65,0
1168,19,65,0
1168,20,65,0
1168,21,65,0
1168,22,65,0
1168,23,65,0
1168,24,65,0
1168,25,65,0
1168,26,65,0
1168,27,65,0
1168,28,65,0
1168,29,65,0
1168,30,65,0
1168,31,65,0
1168,32,65,0
1168,33,65,0
1168,34,65,0
1168,35,65,0
1168,36,65,0
1168,37,65,0
1168,38,65,0
1168,39,65,1
1168,40,65,0
1168,41,65,0
1168,42,65,0
1168,43,65,0
1168,44,65,0
1168,45,65,0
1168,46,65,0
1168,47,65,0
1168,48,65,0
1168,49,65,0
1168,50,65,0
1168,51,65,0
1168,52,65,0
1168,53,65,0
1168,54,65,0
1168,55,65,0
1168,56,65,0
1168,57,65,0
1168,58,65,0
1168,59,65,0
1168,60,65,0
1168,61,65,0
1168,62,65,0
1168,63,65,0
1168,64,65,0
1168,65,65,0
1168,66,65,1
1168,67,65,0
1168,68,65,0
1168,69,65,0
1168,70,65,0
1168,71,65,0
1168,72,65,0
1168,73,65,0
1168,74,65,1
1168,75,65,0
1168,76,65,0
1168,77,65,0
1168,78,65,0
1168,79,65,0
1168,80,65,0
1168,81,65,0
1168,82,65,0
1168,83,65,0
1168,84,65,0
1168,85,65,0
1168,86,65,0
1168,87,65,0
1168,88,65,0
1168,89,65,0
1168,90,65,0
1168,91,65,0
1168,92,65,1
1168,93,65,0
1168,94,65,0
1168,95,65,0
1168,96,65,0
1168,97,65,0
1168,98,65,0
1168,99,65,1
1168,100,65,0
1168,101,65,0
1168,102,65,0
1168,103,65,0
1168,104,65,0
1168,105,65,0
1168,106,65,0
1168,107,65,1
1168,108,65,0
1168,109,65,0
1168,110,65,0
1168,111,65,0
1168,0,66,0
1168,1,66,0
1168,2,66,0
1168,3,66,0
1168,4,66,0
1168,5,66,0
1168,6,66,0
1168,7,66,0
1168,8,66,0
1168,9,66,0
1168,10,66,0
1168,11,66,0
1168,12,66,0
1168,13,66,0
1168,14,66,0
1168,15,66,0
1168,16,66,0
1168,17,66,0
1168,18,66,0
1168,19,66,0
1168,20,66,0
1168,21,66,0
1168,22,66,0
1168,23,66,0
1168,24,66,0
1168,25,66,0
1168,26,66,0
1168,27,66,0
1168,28,66,0
1168,29,66,0
1168,30,66,0
1168,31,66,0
1168,32,66,0
1168,33,66,0
1168,34,66,0
1168,35,66,0
1168,36,66,0
1168,37,66,0
1168,38,66,0
1168,39,66,0
1168,40,66,0
1168,41,66,0
1168,42,66,0
1168,43,66,0
1168,44,66,0
1168,45,66,0
1168,46,66,0
1168,47,66,0
1168,48,66,0
1168,49,66,0
1168,50,66,0
1168,51,66,0
1168,52,66,0
1168,53,66,0
1168,54,66,0
1168,55,66,0
1168,56,66,0
1168,57,66,0
1168,58,66,0
1168,59,66,0
1168,60,66,0
1168,61,66,0
1168,62,66,0
1168,63,66,0
1168,64,66,0
1168,65,66,0
1168,66,66,0
1168,67,66,0
1168,68,66,0
1168,69,66,0
1168,70,66,0
1168,71,66,0
1168,72,66,0
1168,73,66,0
1168,74,66,0
1168,75,66,0
1168,76,66,0
1168,77,66,1
1168,78,66,0
1168,79,66,0
1168,80,66,0
1168,81,66,0
1168,82,66,0
1168,83,66,0
1168,84,66,0
1168,85,66,0
1168,86,66,0
1168,87,66,0
1168,88,66,0
1168,89,66,0
1168,90,66,0
1168,91,66,0
1168,92,66,0
1168,93,66,0
1168,94,66,0
1168,95,66,0
1168,96,66,0
1168,97,66,0
1168,98,66,0
1168,99,66,0
1168,100,66,0
1168,101,66,0
1168,102,66,1
1168,103,66,0
1168,104,66,0
1168,105,66,0
1168,106,66,0
1168,107,66,0
1168,108,66,0
1168,109,66,0
1168,110,66,1
1168,111,66,0
1168,0,67,0
1168,1,67,0
1168,2,67,0
1168,3,67,0
1168,4,67,1
1168,5,67,0
1168,6,67,0
1168,7,67,0
1168,8,67,0
1168,9,67,0
1168,10,67,0
1168,11,67,0
1168,12,67,0
1168,13,67,0
1168,14,67,0
1168,15,67,0
1168,16,67,0
1168,17,67,1
1168,18,67,0
1168,19,67,0
1168,20,67,0
1168,21,67,0
1168,22,67,0
1168,23,67,0
1168,24,67,0
1168,25,67,0
1168,26,67,0
1168,27,67,0
1168,28,67,0
1168,29,67,0
1168,30,67,0
1168,31,67,0
1168,32,67,0
1168,33,67,0
1168,34,67,0
1168,35,67,1
1168,36,67,0
1168,37,67,0
1168,38,67,0
1168,39,67,0
1168,40,67,0
1168,41,67,0
1168,42,67,0
1168,43,67,1
1168,44,67,0
1168,45,67,0
1168,46,67,0
1168,47,67,0
1168,48,67,0
1168,49,67,0
1168,50,67,0
1168,51,67,0
1168,52,67,0
1168,53,67,0
1168,54,67,0
1168,55,67,0
1168,56,67,0
1168,57,67,0
1168,58,67,0
1168,59,67,0
1168,60,67,0
1168,61,67,0
1168,62,67,0
1168,63,67,0
1168,64,67,0
1168,65,67,0
1168,66,67,0
1168,67,67,0
1168,68,67,0
1168,69,67,0
1168,70,67,0
1168,71,67,0
1168,72,67,0
1168,73,67,0
1168,74,67,0
1168,75,67,0
1168,76,67,0
1168,77,67,0
1168,78,67,0
1168,79,67,0
1168,80,67,0
1168,81,67,0
1168,82,67,0
1168,83,67,0
1168,84,67,0
1168,85,67,0
1168,86,67,0
1168,87,67,0
1168,88,67,0
1168,89,67,0
1168,90,67,0
1168,91,67,0
1168,92,67,0
1168,93,67,0
1168,94,67,0
1168,95,67,0
1168,96,67,0
1168,97,67,0
1168,98,67,0
1168,99,67,0
1168,100,67,0
1168,101,67,0
1168,102,67,0
1168,103,67,0
1168,104,67,0
1168,105,67,0
1168,106,67,0
1168,107,67,0
1168,108,67,0
1168,109,67,0
1168,110,67,0
1168,111,67,0
1168,0,68,0
1168,1,68,0
1168,2,68,0
1168,3,68,0
1168,4,68,0
1168,5,68,0
1168,6,68,0
1168,7,68,0
1168,8,68,0
1168,9,68,0
1168,10,68,0
1168,11,68,0
1168,12,68,0
1168,13,68,0
1168,14,68,0
1168,15,68,0
1168,16,68,0
1168,17,68,0
1168,18,68,0
1168,19,68,0
1168,20,68,0
1168,21,68,0
1168,22,68,0
1168,23,68,0
1168,24,68,0
1168,25,68,0
1168,26,68,0
1168,27,68,0
1168,28,68,0
1168,29,68,0
1168,30,68,0
1168,31,68,0
1168,32,68,1
1168,33,68,0
1168,34,68,0
1168,35,68,0
1168,36,68,0
1168,37,68,0
1168,38,68,0
1168,39,68,0
1168,40,68,0
1168,41,68,0
1168,42,68,0
1168,43,68,0
1168,44,68,0
1168,45,68,0
1168,46,68,0
1168,47,68,0
1168,48,68,0
1168,49,68,0
1168,50,68,0
1168,51,68,0
1168,52,68,0
1168,53,68,0
1168,54,68,0
1168,55,68,1
1168,56,68,0
1168,57,68,0
1168,58,68,0
1168,59,68,0
1168,60,68,1
1168,61,68,0
1168,62,68,0
1168,63,68,0
1168,64,68,0
1168,65,68,0
1168,66,68,0
1168,67,68,0
1168,68,68,0
1168,69,68,0
1168,70,68,0
1168,71,68,0
1168,72,68,0
1168,73,68,0
1168,74,68,0
1168,75,68,0
1168,76,68,0
1168,77,68,0
1168,78,68,0
1168,79,68,0
1168,80,68,0
1168,81,68,0
1168,82,68,0
1168,83,68,0
1168,84,68,0
1168,85,68,0
1168,86,68,0
1168,87,68,0
1168,88,68,0
1168,89,68,0
1168,90,68,0
1168,91,68,0
1168,92,68,0
1168,93,68,0
1168,94,68,0
1168,95,68,0
1168,96,68,0
1168,97,68,0
1168,98,68,0
1168,99,68,0
1168,100,68,0
1168,101,68,1
1168,102,68,0
1168,103,68,0
1168,104,68,0
1168,105,68,0
1168,106,68,0
1168,107,68,0
1168,108,68,0
1168,109,68,0
1168,110,68,0
1168,111,68,0
